         
 0.000000, 0.000000000, 0.164822, 1442803064         
 -0.000003, 0.000000000, 0.006441, 1         
 -0.000003, 0.000000000, 0.000131, 3         
 -0.000003, 0.000000000, 0.000016, 4         
 -0.000003, 0.000000000, 0.000013, 6         
 -0.000003, 0.000000000, 0.000016, 8         
 -0.000003, 0.000000000, 0.000015, 9         
 0.418674, 0.000035072, 0.000012, 11         
 1.063567, 0.000226325, 0.000012, 12         
 1.197915, 0.000287115, 0.000012, 14         
 1.222635, 0.000299087, 0.000012, 15         
 1.223639, 0.000299578, 0.000012, 17         
 1.219581, 0.000297595, 0.000012, 18         
 1.214450, 0.000295096, 0.000012, 20         
 1.209161, 0.000292531, 0.000012, 21         
 1.203932, 0.000290006, 0.000012, 23         
 1.198768, 0.000287524, 0.000012, 24         
 1.193700, 0.000285098, 0.000012, 26         
 1.188634, 0.000282683, 0.000012, 27         
 1.183561, 0.000280276, 0.000012, 29         
 1.178449, 0.000277860, 0.000012, 30         
 1.173327, 0.000275449, 0.000012, 32         
 1.168134, 0.000273017, 0.000012, 33         
 1.163019, 0.000270631, 0.000012, 35         
 1.157985, 0.000268293, 0.000012, 37         
 1.152985, 0.000265981, 0.000012, 38         
 1.148055, 0.000263711, 0.000012, 40         
 1.143080, 0.000261431, 0.000012, 41         
 1.138172, 0.000259191, 0.000012, 43         
 1.133264, 0.000256960, 0.000012, 44         
 1.128355, 0.000254739, 0.000012, 46         
 1.123512, 0.000252557, 0.000012, 47         
 1.118657, 0.000250379, 0.000012, 49         
 1.113835, 0.000248225, 0.000012, 50         
 1.109059, 0.000246101, 0.000012, 52         
 1.104464, 0.000244066, 0.000012, 53         
 1.099897, 0.000242051, 0.000012, 55         
 1.095405, 0.000240078, 0.000012, 56         
 1.091062, 0.000238179, 0.000012, 58         
 1.086650, 0.000236256, 0.000012, 59         
 1.082050, 0.000234260, 0.000012, 61         
 1.077182, 0.000232157, 0.000012, 63         
 1.072520, 0.000230152, 0.000012, 64         
 1.067894, 0.000228171, 0.000012, 66         
 1.063312, 0.000226217, 0.000012, 67         
 1.058653, 0.000224239, 0.000012, 69         
 1.053983, 0.000222265, 0.000012, 70         
 1.049376, 0.000220326, 0.000012, 72         
 1.044907, 0.000218454, 0.000012, 73         
 1.040490, 0.000216611, 0.000012, 75         
 1.035989, 0.000214740, 0.000012, 76         
 1.031656, 0.000212948, 0.000012, 78         
 1.027429, 0.000211207, 0.000012, 79         
 1.023288, 0.000209507, 0.000012, 81         
 1.019057, 0.000207779, 0.000012, 82         
 1.014696, 0.000206004, 0.000012, 84         
 1.010450, 0.000204284, 0.000012, 85         
 1.006068, 0.000202515, 0.000012, 87         
 1.001681, 0.000200753, 0.000012, 89         
 0.997429, 0.000199052, 0.000012, 90         
 0.993231, 0.000197380, 0.000012, 92         
 0.988700, 0.000195584, 0.000012, 93         
 0.983834, 0.000193663, 0.000012, 95         
 0.979154, 0.000191825, 0.000012, 96         
 0.974746, 0.000190102, 0.000012, 98         
 0.970460, 0.000188434, 0.000012, 99         
 0.966244, 0.000186800, 0.000012, 101         
 0.962157, 0.000185223, 0.000012, 102         
 0.958108, 0.000183668, 0.000012, 104         
 0.954002, 0.000182097, 0.000012, 105         
 0.949874, 0.000180524, 0.000012, 107         
 0.945786, 0.000178974, 0.000012, 108         
 0.941732, 0.000177443, 0.000012, 110         
 0.937779, 0.000175956, 0.000012, 111         
 0.933854, 0.000174487, 0.000012, 113         
 0.929888, 0.000173008, 0.000012, 115         
 0.926001, 0.000171564, 0.000012, 116         
 0.922028, 0.000170095, 0.000012, 118         
 0.917973, 0.000168602, 0.000012, 119         
 0.913966, 0.000167134, 0.000012, 121         
 0.910022, 0.000165694, 0.000012, 122         
 0.906103, 0.000164270, 0.000012, 124         
 0.902214, 0.000162863, 0.000012, 125         
 0.898357, 0.000161474, 0.000012, 127         
 0.894496, 0.000160088, 0.000012, 128         
 0.890681, 0.000158726, 0.000012, 130         
 0.886875, 0.000157372, 0.000012, 131         
 0.883085, 0.000156030, 0.000012, 133         
 0.879299, 0.000154695, 0.000012, 134         
 0.875536, 0.000153374, 0.000012, 136         
 0.871803, 0.000152069, 0.000012, 137         
 0.868064, 0.000150767, 0.000012, 139         
 0.864344, 0.000149478, 0.000012, 141         
 0.860656, 0.000148205, 0.000012, 142         
 0.856985, 0.000146943, 0.000012, 144         
 0.853355, 0.000145701, 0.000012, 145         
 0.849738, 0.000144469, 0.000012, 147         
 0.846101, 0.000143235, 0.000012, 148         
 0.842508, 0.000142021, 0.000012, 150         
 0.838889, 0.000140803, 0.000012, 151         
 0.835336, 0.000139613, 0.000012, 153         
 0.814545, 0.000132750, 0.000012, 154         
 0.824478, 0.000136007, 0.000012, 156         
 0.823750, 0.000135767, 0.000012, 157         
 0.820827, 0.000134805, 0.000012, 159         
 0.817423, 0.000133690, 0.000012, 160         
 0.813960, 0.000132559, 0.000012, 162         
 0.810488, 0.000131431, 0.000012, 163         
 0.807043, 0.000130316, 0.000012, 165         
 0.803623, 0.000129214, 0.000012, 167         
 0.800207, 0.000128117, 0.000012, 168         
 0.796800, 0.000127029, 0.000012, 170         
 0.793409, 0.000125950, 0.000012, 171         
 0.790055, 0.000124887, 0.000012, 173         
 0.786726, 0.000123837, 0.000012, 174         
 0.783386, 0.000122788, 0.000012, 176         
 0.780094, 0.000121758, 0.000012, 177         
 0.776802, 0.000120732, 0.000012, 179         
 0.773524, 0.000119716, 0.000012, 180         
 0.770212, 0.000118693, 0.000012, 182         
 0.766978, 0.000117698, 0.000012, 183         
 0.763778, 0.000116718, 0.000012, 185         
 0.760535, 0.000115729, 0.000012, 186         
 0.757292, 0.000114744, 0.000012, 188         
 0.754085, 0.000113774, 0.000012, 189         
 0.750878, 0.000112809, 0.000012, 191         
 0.747718, 0.000111861, 0.000012, 193         
 0.744621, 0.000110937, 0.000012, 194         
 0.741498, 0.000110008, 0.000012, 196         
 0.738415, 0.000109095, 0.000012, 197         
 0.735386, 0.000108202, 0.000012, 199         
 0.732451, 0.000107340, 0.000012, 200         
 0.729342, 0.000106430, 0.000012, 202         
 0.726259, 0.000105533, 0.000012, 203         
 0.723257, 0.000104662, 0.000012, 205         
 0.720259, 0.000103796, 0.000012, 206         
 0.717287, 0.000102941, 0.000012, 208         
 0.714325, 0.000102093, 0.000012, 209         
 0.711355, 0.000101246, 0.000012, 211         
 0.708376, 0.000100399, 0.000012, 212         
 0.705425, 0.000099565, 0.000012, 214         
 0.702510, 0.000098744, 0.000012, 215         
 0.699618, 0.000097932, 0.000012, 217         
 0.696688, 0.000097114, 0.000012, 219         
 0.693768, 0.000096301, 0.000012, 220         
 0.690840, 0.000095490, 0.000012, 222         
 0.687950, 0.000094693, 0.000012, 223         
 0.685080, 0.000093904, 0.000012, 225         
 0.682246, 0.000093129, 0.000012, 226         
 0.679406, 0.000092356, 0.000012, 228         
 0.676559, 0.000091583, 0.000012, 229         
 0.673722, 0.000090816, 0.000012, 231         
 0.670879, 0.000090052, 0.000012, 232         
 0.668035, 0.000089290, 0.000012, 234         
 0.665249, 0.000088547, 0.000012, 235         
 0.662473, 0.000087809, 0.000012, 237         
 0.659764, 0.000087092, 0.000012, 238         
 0.657000, 0.000086364, 0.000012, 240         
 0.654286, 0.000085652, 0.000012, 241         
 0.651602, 0.000084951, 0.000012, 243         
 0.648894, 0.000084246, 0.000012, 245         
 0.646183, 0.000083544, 0.000012, 246         
 0.643520, 0.000082857, 0.000012, 248         
 0.640828, 0.000082165, 0.000012, 249         
 0.638092, 0.000081465, 0.000012, 251         
 0.635395, 0.000080778, 0.000012, 252         
 0.632698, 0.000080093, 0.000012, 254         
 0.630046, 0.000079423, 0.000012, 255         
 0.627376, 0.000078752, 0.000012, 257         
 0.624664, 0.000078072, 0.000012, 258         
 0.622007, 0.000077410, 0.000012, 260         
 0.619312, 0.000076740, 0.000012, 261         
 0.616636, 0.000076079, 0.000012, 263         
 0.613959, 0.000075419, 0.000012, 264         
 0.611276, 0.000074762, 0.000012, 266         
 0.608701, 0.000074133, 0.000012, 267         
 0.606201, 0.000073525, 0.000012, 269         
 0.603687, 0.000072917, 0.000012, 270         
 0.601146, 0.000072304, 0.000012, 272         
 0.598661, 0.000071708, 0.000012, 274         
 0.596280, 0.000071138, 0.000012, 275         
 0.593748, 0.000070535, 0.000012, 277         
 0.591288, 0.000069952, 0.000012, 278         
 0.588558, 0.000069308, 0.000012, 280         
 0.585765, 0.000068652, 0.000012, 281         
 0.583040, 0.000068014, 0.000012, 283         
 0.580319, 0.000067381, 0.000012, 284         
 0.577787, 0.000066794, 0.000012, 286         
 0.575308, 0.000066222, 0.000012, 287         
 0.572822, 0.000065651, 0.000012, 289         
 0.570319, 0.000065079, 0.000012, 290         
 0.567868, 0.000064521, 0.000012, 292         
 0.565367, 0.000063953, 0.000012, 293         
 0.562810, 0.000063376, 0.000012, 295         
 0.560274, 0.000062807, 0.000012, 296         
 0.557823, 0.000062258, 0.000012, 298         
 0.555383, 0.000061715, 0.000012, 300         
 0.552854, 0.000061154, 0.000012, 301         
 0.550372, 0.000060606, 0.000012, 303         
 0.547908, 0.000060065, 0.000012, 304         
 0.545448, 0.000059526, 0.000012, 306         
 0.542929, 0.000058978, 0.000012, 307         
 0.540467, 0.000058444, 0.000012, 309         
 0.538088, 0.000057931, 0.000012, 310         
 0.535680, 0.000057414, 0.000012, 312         
 0.533267, 0.000056897, 0.000012, 313         
 0.530875, 0.000056388, 0.000012, 315         
 0.528493, 0.000055883, 0.000012, 316         
 0.526100, 0.000055378, 0.000012, 318         
 0.523733, 0.000054881, 0.000012, 319         
 0.521394, 0.000054392, 0.000012, 321         
 0.519044, 0.000053903, 0.000012, 322         
 0.516677, 0.000053412, 0.000012, 324         
 0.514348, 0.000052932, 0.000012, 326         
 0.512036, 0.000052457, 0.000012, 327         
 0.509767, 0.000051993, 0.000012, 329         
 0.507515, 0.000051535, 0.000012, 330         
 0.505329, 0.000051092, 0.000012, 332         
 0.503296, 0.000050682, 0.000012, 333         
 0.501022, 0.000050225, 0.000012, 335         
 0.498764, 0.000049773, 0.000012, 336         
 0.496584, 0.000049339, 0.000012, 338         
 0.494546, 0.000048935, 0.000012, 339         
 0.492355, 0.000048502, 0.000012, 341         
 0.490024, 0.000048044, 0.000012, 342         
 0.488561, 0.000047758, 0.000012, 344         
 0.485937, 0.000047246, 0.000012, 345         
 0.483978, 0.000046866, 0.000012, 347         
 0.481608, 0.000046408, 0.000012, 348         
 0.479154, 0.000045936, 0.000012, 350         
 0.476905, 0.000045506, 0.000012, 351         
 0.474699, 0.000045086, 0.000012, 353         
 0.472552, 0.000044679, 0.000012, 355         
 0.470425, 0.000044278, 0.000012, 356         
 0.468301, 0.000043879, 0.000012, 358         
 0.466086, 0.000043465, 0.000012, 359         
 0.463950, 0.000043067, 0.000012, 361         
 0.461929, 0.000042693, 0.000012, 362         
 0.459938, 0.000042326, 0.000012, 364         
 0.457976, 0.000041965, 0.000012, 365         
 0.455966, 0.000041598, 0.000012, 367         
 0.453875, 0.000041217, 0.000012, 368         
 0.451769, 0.000040835, 0.000012, 370         
 0.449628, 0.000040449, 0.000012, 371         
 0.447463, 0.000040061, 0.000012, 373         
 0.445328, 0.000039679, 0.000012, 374         
 0.443224, 0.000039305, 0.000012, 376         
 0.441071, 0.000038924, 0.000012, 377         
 0.439003, 0.000038560, 0.000012, 379         
 0.436916, 0.000038194, 0.000012, 381         
 0.434799, 0.000037825, 0.000012, 382         
 0.432633, 0.000037449, 0.000012, 384         
 0.430497, 0.000037080, 0.000012, 385         
 0.428367, 0.000036714, 0.000012, 387         
 0.426252, 0.000036353, 0.000012, 388         
 0.423979, 0.000035966, 0.000012, 390         
 0.421965, 0.000035625, 0.000012, 391         
 0.419935, 0.000035283, 0.000012, 393         
 0.417725, 0.000034913, 0.000012, 394         
 0.415547, 0.000034550, 0.000012, 396         
 0.413444, 0.000034201, 0.000012, 397         
 0.411420, 0.000033867, 0.000012, 399         
 0.409411, 0.000033537, 0.000012, 400         
 0.407359, 0.000033202, 0.000012, 402         
 0.405258, 0.000032860, 0.000012, 403         
 0.403098, 0.000032511, 0.000012, 405         
 0.401028, 0.000032178, 0.000012, 407         
 0.399155, 0.000031878, 0.000012, 408         
 0.397239, 0.000031572, 0.000012, 410         
 0.395246, 0.000031256, 0.000012, 411         
 0.393213, 0.000030936, 0.000012, 413         
 0.391178, 0.000030616, 0.000012, 414         
 0.389183, 0.000030305, 0.000012, 416         
 0.387214, 0.000029999, 0.000012, 417         
 0.385260, 0.000029697, 0.000012, 419         
 0.383310, 0.000029397, 0.000012, 420         
 0.381383, 0.000029102, 0.000012, 422         
 0.379477, 0.000028812, 0.000012, 423         
 0.377628, 0.000028532, 0.000012, 425         
 0.375711, 0.000028243, 0.000012, 426         
 0.372742, 0.000027798, 0.000012, 428         
 0.371055, 0.000027547, 0.000012, 429         
 0.368903, 0.000027229, 0.000012, 431         
 0.366787, 0.000026917, 0.000012, 433         
 0.364652, 0.000026605, 0.000012, 434         
 0.362561, 0.000026301, 0.000012, 436         
 0.360448, 0.000025995, 0.000012, 437         
 0.358448, 0.000025707, 0.000012, 439         
 0.356437, 0.000025420, 0.000012, 440         
 0.354369, 0.000025126, 0.000012, 442         
 0.353175, 0.000024957, 0.000012, 443         
 0.351537, 0.000024726, 0.000012, 445         
 0.349535, 0.000024445, 0.000012, 446         
 0.347807, 0.000024204, 0.000012, 448         
 0.346178, 0.000023977, 0.000012, 449         
 0.344421, 0.000023735, 0.000012, 451         
 0.342345, 0.000023449, 0.000012, 452         
 0.340514, 0.000023199, 0.000012, 454         
 0.338698, 0.000022952, 0.000012, 455         
 0.336978, 0.000022720, 0.000012, 457         
 0.335378, 0.000022505, 0.000012, 459         
 0.333647, 0.000022273, 0.000012, 460         
 0.331687, 0.000022012, 0.000012, 462         
 0.329725, 0.000021752, 0.000012, 463         
 0.327926, 0.000021516, 0.000012, 465         
 0.326254, 0.000021297, 0.000012, 466         
 0.324661, 0.000021089, 0.000012, 468         
 0.323240, 0.000020905, 0.000012, 469         
 0.321624, 0.000020697, 0.000012, 471         
 0.319559, 0.000020432, 0.000012, 472         
 0.317769, 0.000020204, 0.000012, 474         
 0.316756, 0.000020075, 0.000012, 475         
 0.314462, 0.000019785, 0.000012, 477         
 0.312611, 0.000019553, 0.000012, 478         
 0.310804, 0.000019328, 0.000012, 480         
 0.309267, 0.000019137, 0.000012, 481         
 0.307798, 0.000018956, 0.000012, 483         
 0.306263, 0.000018767, 0.000012, 485         
 0.304731, 0.000018580, 0.000012, 486         
 0.303096, 0.000018381, 0.000012, 488         
 0.301517, 0.000018190, 0.000012, 489         
 0.299954, 0.000018002, 0.000012, 491         
 0.298357, 0.000017811, 0.000012, 492         
 0.296773, 0.000017622, 0.000012, 494         
 0.295157, 0.000017431, 0.000012, 495         
 0.293573, 0.000017244, 0.000012, 497         
 0.291959, 0.000017055, 0.000012, 498         
 0.290341, 0.000016866, 0.000012, 500         
 0.288775, 0.000016685, 0.000012, 501         
 0.287239, 0.000016508, 0.000012, 503         
 0.285828, 0.000016346, 0.000012, 504         
 0.284382, 0.000016181, 0.000012, 506         
 0.282936, 0.000016017, 0.000012, 507         
 0.281506, 0.000015855, 0.000012, 509         
 0.280045, 0.000015691, 0.000012, 511         
 0.278450, 0.000015513, 0.000012, 512         
 0.276828, 0.000015333, 0.000012, 514         
 0.275330, 0.000015167, 0.000012, 515         
 0.273919, 0.000015012, 0.000012, 517         
 0.272624, 0.000014871, 0.000012, 518         
 0.271375, 0.000014735, 0.000012, 520         
 0.270029, 0.000014589, 0.000012, 521         
 0.268643, 0.000014440, 0.000012, 523         
 0.267267, 0.000014292, 0.000012, 524         
 0.265911, 0.000014147, 0.000012, 526         
 0.264588, 0.000014007, 0.000012, 527         
 0.263423, 0.000013884, 0.000012, 529         
 0.262279, 0.000013764, 0.000012, 530         
 0.261048, 0.000013635, 0.000012, 532         
 0.259891, 0.000013514, 0.000012, 533         
 0.258678, 0.000013388, 0.000012, 535         
 0.257373, 0.000013253, 0.000012, 537         
 0.256025, 0.000013115, 0.000012, 538         
 0.254705, 0.000012980, 0.000012, 540         
 0.253351, 0.000012843, 0.000012, 541         
 0.251958, 0.000012702, 0.000012, 543         
 0.250651, 0.000012570, 0.000012, 544         
 0.249432, 0.000012448, 0.000012, 546         
 0.248189, 0.000012324, 0.000012, 547         
 0.246812, 0.000012188, 0.000012, 549         
 0.245548, 0.000012064, 0.000012, 550         
 0.244510, 0.000011962, 0.000012, 552         
 0.243451, 0.000011858, 0.000012, 553         
 0.242218, 0.000011739, 0.000012, 555         
 0.240928, 0.000011614, 0.000012, 556         
 0.239756, 0.000011501, 0.000012, 558         
 0.238606, 0.000011391, 0.000012, 559         
 0.237464, 0.000011282, 0.000012, 561         
 0.236386, 0.000011180, 0.000012, 562         
 0.235270, 0.000011075, 0.000012, 564         
 0.234118, 0.000010967, 0.000012, 566         
 0.232948, 0.000010857, 0.000012, 567         
 0.231773, 0.000010748, 0.000012, 569         
 0.230622, 0.000010642, 0.000012, 570         
 0.229439, 0.000010533, 0.000012, 572         
 0.228252, 0.000010424, 0.000012, 573         
 0.227114, 0.000010320, 0.000012, 575         
 0.225987, 0.000010218, 0.000012, 576         
 0.224870, 0.000010117, 0.000012, 578         
 0.223750, 0.000010017, 0.000012, 579         
 0.222642, 0.000009918, 0.000012, 581         
 0.221526, 0.000009819, 0.000012, 582         
 0.220444, 0.000009723, 0.000012, 584         
 0.219370, 0.000009629, 0.000012, 585         
 0.218270, 0.000009532, 0.000012, 587         
 0.217203, 0.000009439, 0.000012, 588         
 0.216126, 0.000009346, 0.000012, 590         
 0.215065, 0.000009254, 0.000012, 592         
 0.214013, 0.000009164, 0.000012, 593         
 0.212967, 0.000009075, 0.000012, 595         
 0.211928, 0.000008986, 0.000012, 596         
 0.210895, 0.000008899, 0.000012, 598         
 0.209889, 0.000008814, 0.000012, 599         
 0.208882, 0.000008730, 0.000012, 601         
 0.207856, 0.000008644, 0.000012, 602         
 0.206853, 0.000008561, 0.000012, 604         
 0.205851, 0.000008478, 0.000012, 605         
 0.204861, 0.000008397, 0.000012, 607         
 0.203899, 0.000008318, 0.000012, 608         
 0.202918, 0.000008238, 0.000012, 610         
 0.201951, 0.000008160, 0.000012, 611         
 0.201010, 0.000008084, 0.000012, 613         
 0.200053, 0.000008007, 0.000012, 614         
 0.199109, 0.000007932, 0.000012, 616         
 0.198179, 0.000007858, 0.000012, 618         
 0.197248, 0.000007784, 0.000012, 619         
 0.196325, 0.000007712, 0.000012, 621         
 0.195419, 0.000007641, 0.000012, 622         
 0.194493, 0.000007569, 0.000012, 624         
 0.193573, 0.000007497, 0.000012, 625         
 0.192677, 0.000007428, 0.000012, 627         
 0.191781, 0.000007359, 0.000012, 628         
 0.190889, 0.000007291, 0.000012, 630         
 0.189996, 0.000007223, 0.000012, 631         
 0.189114, 0.000007156, 0.000012, 633         
 0.188248, 0.000007090, 0.000012, 634         
 0.187407, 0.000007027, 0.000012, 636         
 0.186535, 0.000006962, 0.000012, 637         
 0.185679, 0.000006898, 0.000012, 639         
 0.184796, 0.000006833, 0.000012, 640         
 0.183944, 0.000006770, 0.000012, 642         
 0.183079, 0.000006706, 0.000012, 644         
 0.182192, 0.000006641, 0.000012, 645         
 0.181289, 0.000006576, 0.000012, 647         
 0.180444, 0.000006515, 0.000012, 648         
 0.179621, 0.000006455, 0.000012, 650         
 0.178813, 0.000006397, 0.000012, 651         
 0.178019, 0.000006341, 0.000012, 653         
 0.177214, 0.000006283, 0.000012, 654         
 0.176427, 0.000006228, 0.000012, 656         
 0.175669, 0.000006174, 0.000012, 657         
 0.174871, 0.000006118, 0.000012, 659         
 0.174090, 0.000006064, 0.000012, 660         
 0.173307, 0.000006009, 0.000012, 662         
 0.172570, 0.000005958, 0.000012, 663         
 0.171823, 0.000005907, 0.000012, 665         
 0.171062, 0.000005855, 0.000012, 666         
 0.170311, 0.000005804, 0.000012, 668         
 0.169574, 0.000005753, 0.000012, 670         
 0.168818, 0.000005702, 0.000012, 671         
 0.168074, 0.000005652, 0.000012, 673         
 0.167339, 0.000005603, 0.000012, 674         
 0.166615, 0.000005554, 0.000012, 676         
 0.165877, 0.000005505, 0.000012, 677         
 0.165149, 0.000005457, 0.000012, 679         
 0.164428, 0.000005409, 0.000012, 680         
 0.163707, 0.000005362, 0.000012, 682         
 0.162979, 0.000005315, 0.000012, 683         
 0.162270, 0.000005268, 0.000012, 685         
 0.161554, 0.000005222, 0.000012, 686         
 0.160822, 0.000005175, 0.000012, 688         
 0.160094, 0.000005128, 0.000012, 689         
 0.159377, 0.000005082, 0.000012, 691         
 0.158664, 0.000005037, 0.000012, 692         
 0.157959, 0.000004992, 0.000012, 694         
 0.157256, 0.000004948, 0.000012, 696         
 0.156568, 0.000004905, 0.000012, 697         
 0.155892, 0.000004862, 0.000012, 699         
 0.155220, 0.000004821, 0.000012, 700         
 0.154557, 0.000004780, 0.000012, 702         
 0.153947, 0.000004742, 0.000012, 703         
 0.153331, 0.000004704, 0.000012, 705         
 0.152831, 0.000004673, 0.000012, 706         
 0.151972, 0.000004621, 0.000012, 708         
 0.151245, 0.000004577, 0.000012, 709         
 0.150563, 0.000004536, 0.000012, 711         
 0.149901, 0.000004496, 0.000012, 712         
 0.149260, 0.000004457, 0.000012, 714         
 0.148606, 0.000004419, 0.000012, 715         
 0.147965, 0.000004380, 0.000012, 717         
 0.147327, 0.000004343, 0.000012, 718         
 0.146696, 0.000004306, 0.000012, 720         
 0.146052, 0.000004268, 0.000012, 721         
 0.145420, 0.000004231, 0.000012, 723         
 0.144790, 0.000004195, 0.000012, 725         
 0.144162, 0.000004158, 0.000012, 726         
 0.143559, 0.000004123, 0.000012, 728         
 0.142952, 0.000004089, 0.000012, 729         
 0.142351, 0.000004054, 0.000012, 731         
 0.141742, 0.000004020, 0.000012, 732         
 0.141139, 0.000003986, 0.000012, 734         
 0.140543, 0.000003952, 0.000012, 735         
 0.139949, 0.000003919, 0.000012, 737         
 0.139342, 0.000003885, 0.000012, 738         
 0.138761, 0.000003852, 0.000012, 740         
 0.138172, 0.000003820, 0.000012, 741         
 0.137587, 0.000003788, 0.000012, 743         
 0.137010, 0.000003756, 0.000012, 744         
 0.136422, 0.000003724, 0.000012, 746         
 0.135829, 0.000003691, 0.000012, 747         
 0.135248, 0.000003660, 0.000012, 749         
 0.134679, 0.000003629, 0.000012, 751         
 0.134100, 0.000003598, 0.000012, 752         
 0.133534, 0.000003568, 0.000012, 754         
 0.132978, 0.000003538, 0.000012, 755         
 0.132416, 0.000003508, 0.000012, 757         
 0.131856, 0.000003479, 0.000012, 758         
 0.131286, 0.000003449, 0.000012, 760         
 0.130734, 0.000003420, 0.000012, 761         
 0.130176, 0.000003391, 0.000012, 763         
 0.129632, 0.000003362, 0.000012, 764         
 0.129103, 0.000003335, 0.000012, 766         
 0.128553, 0.000003306, 0.000012, 767         
 0.128010, 0.000003279, 0.000012, 769         
 0.127474, 0.000003251, 0.000012, 770         
 0.126934, 0.000003224, 0.000012, 772         
 0.126407, 0.000003197, 0.000012, 773         
 0.125878, 0.000003170, 0.000012, 775         
 0.125352, 0.000003144, 0.000012, 777         
 0.124824, 0.000003117, 0.000012, 778         
 0.124312, 0.000003092, 0.000012, 780         
 0.123791, 0.000003066, 0.000012, 781         
 0.123283, 0.000003041, 0.000012, 783         
 0.122770, 0.000003016, 0.000012, 784         
 0.122266, 0.000002991, 0.000012, 786         
 0.121761, 0.000002966, 0.000012, 787         
 0.121260, 0.000002942, 0.000012, 789         
 0.120772, 0.000002918, 0.000012, 790         
 0.120273, 0.000002894, 0.000012, 792         
 0.119752, 0.000002869, 0.000012, 793         
 0.119179, 0.000002842, 0.000012, 795         
 0.118670, 0.000002818, 0.000012, 796         
 0.118242, 0.000002797, 0.000012, 798         
 0.117791, 0.000002776, 0.000012, 799         
 0.117317, 0.000002754, 0.000012, 801         
 0.116834, 0.000002731, 0.000012, 803         
 0.116352, 0.000002709, 0.000012, 804         
 0.115872, 0.000002686, 0.000012, 806         
 0.115394, 0.000002664, 0.000012, 807         
 0.114930, 0.000002643, 0.000012, 809         
 0.114466, 0.000002622, 0.000012, 810         
 0.113997, 0.000002600, 0.000012, 812         
 0.113544, 0.000002579, 0.000012, 813         
 0.113083, 0.000002559, 0.000012, 815         
 0.112630, 0.000002538, 0.000012, 816         
 0.112149, 0.000002517, 0.000012, 818         
 0.111686, 0.000002496, 0.000012, 819         
 0.111230, 0.000002475, 0.000012, 821         
 0.110782, 0.000002456, 0.000012, 822         
 0.110336, 0.000002436, 0.000012, 824         
 0.109889, 0.000002416, 0.000012, 825         
 0.109458, 0.000002397, 0.000012, 827         
 0.109028, 0.000002378, 0.000012, 829         
 0.108604, 0.000002360, 0.000012, 830         
 0.108166, 0.000002341, 0.000012, 832         
 0.107729, 0.000002322, 0.000012, 833         
 0.107296, 0.000002303, 0.000012, 835         
 0.106874, 0.000002285, 0.000012, 836         
 0.106453, 0.000002267, 0.000012, 838         
 0.106016, 0.000002249, 0.000012, 839         
 0.105577, 0.000002230, 0.000012, 841         
 0.105140, 0.000002212, 0.000012, 842         
 0.104705, 0.000002193, 0.000012, 844         
 0.104285, 0.000002176, 0.000012, 845         
 0.103875, 0.000002159, 0.000012, 847         
 0.103441, 0.000002141, 0.000012, 848         
 0.103022, 0.000002124, 0.000012, 850         
 0.102601, 0.000002106, 0.000012, 851         
 0.102185, 0.000002089, 0.000012, 853         
 0.101780, 0.000002073, 0.000012, 855         
 0.101374, 0.000002056, 0.000012, 856         
 0.100975, 0.000002040, 0.000012, 858         
 0.100601, 0.000002025, 0.000012, 859         
 0.100207, 0.000002009, 0.000012, 861         
 0.099796, 0.000001993, 0.000012, 862         
 0.099382, 0.000001976, 0.000012, 864         
 0.098981, 0.000001960, 0.000012, 865         
 0.098600, 0.000001945, 0.000012, 867         
 0.098216, 0.000001930, 0.000012, 868         
 0.097838, 0.000001915, 0.000012, 870         
 0.097449, 0.000001900, 0.000012, 871         
 0.097059, 0.000001885, 0.000012, 873         
 0.096677, 0.000001870, 0.000012, 874         
 0.096293, 0.000001855, 0.000012, 876         
 0.095913, 0.000001841, 0.000012, 877         
 0.095537, 0.000001826, 0.000012, 879         
 0.095176, 0.000001812, 0.000012, 881         
 0.094813, 0.000001799, 0.000012, 882         
 0.094447, 0.000001785, 0.000012, 884         
 0.094088, 0.000001771, 0.000012, 885         
 0.093724, 0.000001758, 0.000012, 887         
 0.093367, 0.000001744, 0.000012, 888         
 0.093018, 0.000001731, 0.000012, 890         
 0.092667, 0.000001718, 0.000012, 891         
 0.092318, 0.000001705, 0.000012, 893         
 0.091975, 0.000001693, 0.000012, 894         
 0.091636, 0.000001680, 0.000012, 896         
 0.091300, 0.000001668, 0.000012, 897         
 0.090971, 0.000001656, 0.000012, 899         
 0.090645, 0.000001644, 0.000012, 900         
 0.090306, 0.000001632, 0.000012, 902         
 0.089974, 0.000001620, 0.000012, 903         
 0.089653, 0.000001608, 0.000012, 905         
 0.089328, 0.000001597, 0.000012, 907         
 0.089000, 0.000001585, 0.000012, 908         
 0.088685, 0.000001574, 0.000012, 910         
 0.088376, 0.000001563, 0.000012, 911         
 0.088062, 0.000001552, 0.000012, 913         
 0.087755, 0.000001541, 0.000012, 914         
 0.087455, 0.000001530, 0.000012, 916         
 0.087150, 0.000001520, 0.000012, 917         
 0.086841, 0.000001509, 0.000012, 919         
 0.086546, 0.000001499, 0.000012, 920         
 0.086257, 0.000001489, 0.000012, 922         
 0.085964, 0.000001479, 0.000012, 923         
 0.085676, 0.000001469, 0.000012, 925         
 0.085394, 0.000001459, 0.000012, 926         
 0.085100, 0.000001449, 0.000012, 928         
 0.084814, 0.000001439, 0.000012, 929         
 0.084526, 0.000001430, 0.000012, 931         
 0.084247, 0.000001420, 0.000012, 933         
 0.083968, 0.000001411, 0.000012, 934         
 0.083691, 0.000001401, 0.000012, 936         
 0.083426, 0.000001393, 0.000012, 937         
 0.083149, 0.000001383, 0.000012, 939         
 0.082868, 0.000001374, 0.000012, 940         
 0.082609, 0.000001365, 0.000012, 942         
 0.082338, 0.000001356, 0.000012, 943         
 0.082069, 0.000001348, 0.000012, 945         
 0.081798, 0.000001339, 0.000012, 946         
 0.081540, 0.000001330, 0.000012, 948         
 0.081291, 0.000001322, 0.000012, 949         
 0.081045, 0.000001314, 0.000012, 951         
 0.080776, 0.000001305, 0.000012, 952         
 0.080519, 0.000001297, 0.000012, 954         
 0.080269, 0.000001289, 0.000012, 955         
 0.080022, 0.000001281, 0.000012, 957         
 0.079762, 0.000001273, 0.000012, 959         
 0.079513, 0.000001265, 0.000012, 960         
 0.079245, 0.000001256, 0.000012, 962         
 0.078974, 0.000001248, 0.000012, 963         
 0.078724, 0.000001240, 0.000012, 965         
 0.078488, 0.000001233, 0.000012, 966         
 0.078246, 0.000001225, 0.000012, 968         
 0.078013, 0.000001218, 0.000012, 969         
 0.077810, 0.000001211, 0.000012, 971         
 0.077583, 0.000001204, 0.000012, 972         
 0.077369, 0.000001198, 0.000012, 974         
 0.077157, 0.000001191, 0.000012, 975         
 0.076931, 0.000001184, 0.000012, 977         
 0.076709, 0.000001177, 0.000012, 978         
 0.076485, 0.000001170, 0.000012, 980         
 0.076252, 0.000001163, 0.000012, 981         
 0.076021, 0.000001156, 0.000012, 983         
 0.075789, 0.000001149, 0.000012, 985         
 0.075552, 0.000001142, 0.000012, 986         
 0.075330, 0.000001135, 0.000012, 988         
 0.075116, 0.000001129, 0.000012, 989         
 0.074896, 0.000001122, 0.000012, 991         
 0.074691, 0.000001116, 0.000012, 992         
 0.074477, 0.000001110, 0.000012, 994         
 0.074258, 0.000001103, 0.000012, 995         
 0.074053, 0.000001097, 0.000012, 997         
 0.073830, 0.000001091, 0.000012, 998         
 0.073620, 0.000001084, 0.000012, 1000         
 0.073420, 0.000001079, 0.000012, 1001         
 0.073212, 0.000001072, 0.000012, 1003         
 0.073008, 0.000001066, 0.000012, 1004         
 0.072804, 0.000001060, 0.000012, 1006         
 0.072593, 0.000001054, 0.000012, 1007         
 0.072393, 0.000001049, 0.000012, 1009         
 0.072189, 0.000001043, 0.000012, 1010         
 0.072003, 0.000001037, 0.000012, 1012         
 0.071801, 0.000001031, 0.000012, 1014         
 0.071625, 0.000001026, 0.000012, 1015         
 0.071530, 0.000001024, 0.000012, 1017         
 0.071656, 0.000001027, 0.000012, 1018         
 0.072123, 0.000001041, 0.000012, 1020         
 0.071327, 0.000001018, 0.000012, 1021         
 0.071136, 0.000001012, 0.000012, 1023         
 0.071998, 0.000001037, 0.000012, 1024         
 0.070968, 0.000001008, 0.000012, 1026         
 0.070483, 0.000000994, 0.000012, 1027         
 0.070304, 0.000000989, 0.000012, 1029         
 0.070095, 0.000000983, 0.000012, 1030         
 0.069847, 0.000000976, 0.000012, 1032         
 0.069624, 0.000000970, 0.000012, 1033         
 0.069517, 0.000000967, 0.000012, 1035         
 0.069375, 0.000000963, 0.000012, 1036         
 0.069141, 0.000000956, 0.000012, 1038         
 0.068949, 0.000000951, 0.000012, 1040         
 0.068768, 0.000000946, 0.000012, 1041         
 0.068584, 0.000000941, 0.000012, 1043         
 0.068404, 0.000000936, 0.000012, 1044         
 0.068220, 0.000000931, 0.000012, 1046         
 0.068042, 0.000000926, 0.000012, 1047         
 0.067859, 0.000000921, 0.000012, 1049         
 0.067670, 0.000000916, 0.000012, 1050         
 0.067495, 0.000000911, 0.000012, 1052         
 0.067342, 0.000000907, 0.000012, 1053         
 0.067165, 0.000000903, 0.000012, 1055         
 0.066991, 0.000000898, 0.000012, 1056         
 0.066824, 0.000000893, 0.000012, 1058         
 0.066653, 0.000000889, 0.000012, 1059         
 0.066482, 0.000000884, 0.000012, 1061         
 0.066317, 0.000000880, 0.000012, 1062         
 0.066187, 0.000000876, 0.000012, 1064         
 0.066000, 0.000000872, 0.000012, 1066         
 0.065709, 0.000000864, 0.000012, 1067         
 0.065478, 0.000000858, 0.000012, 1069         
 0.065283, 0.000000853, 0.000012, 1070         
 0.065202, 0.000000851, 0.000012, 1072         
 0.065167, 0.000000850, 0.000012, 1073         
 0.064961, 0.000000844, 0.000012, 1075         
 0.064834, 0.000000841, 0.000012, 1076         
 0.064783, 0.000000840, 0.000012, 1078         
 0.064620, 0.000000835, 0.000012, 1079         
 0.064261, 0.000000826, 0.000012, 1081         
 0.064014, 0.000000820, 0.000012, 1082         
 0.063923, 0.000000818, 0.000012, 1084         
 0.063625, 0.000000810, 0.000012, 1085         
 0.063504, 0.000000807, 0.000012, 1087         
 0.064019, 0.000000820, 0.000012, 1088         
 0.063323, 0.000000802, 0.000012, 1090         
 0.062962, 0.000000793, 0.000012, 1092         
 0.062732, 0.000000787, 0.000012, 1093         
 0.062554, 0.000000783, 0.000012, 1095         
 0.062380, 0.000000779, 0.000012, 1096         
 0.062219, 0.000000775, 0.000012, 1098         
 0.062056, 0.000000770, 0.000012, 1099         
 0.061901, 0.000000767, 0.000012, 1101         
 0.061733, 0.000000763, 0.000012, 1102         
 0.061579, 0.000000759, 0.000012, 1104         
 0.061432, 0.000000755, 0.000012, 1105         
 0.061285, 0.000000751, 0.000012, 1107         
 0.061124, 0.000000748, 0.000012, 1108         
 0.060973, 0.000000744, 0.000012, 1110         
 0.060816, 0.000000740, 0.000012, 1111         
 0.060672, 0.000000737, 0.000012, 1113         
 0.060516, 0.000000733, 0.000012, 1114         
 0.060372, 0.000000729, 0.000012, 1116         
 0.060237, 0.000000726, 0.000012, 1118         
 0.060092, 0.000000723, 0.000012, 1119         
 0.059947, 0.000000719, 0.000012, 1121         
 0.059790, 0.000000715, 0.000012, 1122         
 0.059633, 0.000000712, 0.000012, 1124         
 0.059480, 0.000000708, 0.000012, 1125         
 0.059336, 0.000000704, 0.000012, 1127         
 0.059185, 0.000000701, 0.000012, 1128         
 0.059045, 0.000000698, 0.000012, 1130         
 0.058891, 0.000000694, 0.000012, 1131         
 0.058744, 0.000000690, 0.000012, 1133         
 0.058598, 0.000000687, 0.000012, 1134         
 0.058460, 0.000000684, 0.000012, 1136         
 0.058314, 0.000000680, 0.000012, 1137         
 0.058181, 0.000000677, 0.000012, 1139         
 0.058049, 0.000000674, 0.000012, 1140         
 0.057909, 0.000000671, 0.000012, 1142         
 0.057768, 0.000000668, 0.000012, 1144         
 0.057628, 0.000000664, 0.000012, 1145         
 0.057495, 0.000000661, 0.000012, 1147         
 0.057354, 0.000000658, 0.000012, 1148         
 0.057231, 0.000000655, 0.000012, 1150         
 0.057090, 0.000000652, 0.000012, 1151         
 0.056956, 0.000000649, 0.000012, 1153         
 0.056818, 0.000000646, 0.000012, 1154         
 0.056686, 0.000000643, 0.000012, 1156         
 0.056581, 0.000000641, 0.000012, 1157         
 0.056464, 0.000000638, 0.000012, 1159         
 0.056347, 0.000000635, 0.000012, 1160         
 0.056215, 0.000000632, 0.000012, 1162         
 0.056088, 0.000000629, 0.000012, 1163         
 0.055958, 0.000000627, 0.000012, 1165         
 0.055823, 0.000000623, 0.000012, 1166         
 0.055694, 0.000000621, 0.000012, 1168         
 0.055571, 0.000000618, 0.000012, 1169         
 0.055446, 0.000000615, 0.000012, 1171         
 0.055332, 0.000000613, 0.000012, 1173         
 0.055204, 0.000000610, 0.000012, 1174         
 0.055079, 0.000000607, 0.000012, 1176         
 0.054956, 0.000000604, 0.000012, 1177         
 0.054833, 0.000000602, 0.000012, 1179         
 0.054706, 0.000000599, 0.000012, 1180         
 0.054582, 0.000000596, 0.000012, 1182         
 0.054467, 0.000000594, 0.000012, 1183         
 0.054360, 0.000000591, 0.000012, 1185         
 0.054247, 0.000000589, 0.000012, 1186         
 0.054127, 0.000000586, 0.000012, 1188         
 0.054012, 0.000000584, 0.000012, 1189         
 0.053901, 0.000000581, 0.000012, 1191         
 0.053789, 0.000000579, 0.000012, 1192         
 0.053679, 0.000000577, 0.000012, 1194         
 0.053565, 0.000000574, 0.000012, 1195         
 0.053451, 0.000000572, 0.000012, 1197         
 0.053337, 0.000000569, 0.000012, 1199         
 0.053225, 0.000000567, 0.000012, 1200         
 0.053120, 0.000000565, 0.000012, 1202         
 0.053019, 0.000000562, 0.000012, 1203         
 0.052922, 0.000000560, 0.000012, 1205         
 0.052809, 0.000000558, 0.000012, 1206         
 0.052706, 0.000000556, 0.000012, 1208         
 0.052601, 0.000000554, 0.000012, 1209         
 0.052500, 0.000000551, 0.000012, 1211         
 0.052400, 0.000000549, 0.000012, 1212         
 0.052306, 0.000000547, 0.000012, 1214         
 0.052204, 0.000000545, 0.000012, 1215         
 0.052100, 0.000000543, 0.000012, 1217         
 0.052001, 0.000000541, 0.000012, 1218         
 0.051909, 0.000000539, 0.000012, 1220         
 0.051816, 0.000000537, 0.000012, 1221         
 0.051718, 0.000000535, 0.000012, 1223         
 0.051616, 0.000000533, 0.000012, 1225         
 0.051518, 0.000000531, 0.000012, 1226         
 0.051439, 0.000000529, 0.000012, 1228         
 0.051347, 0.000000528, 0.000012, 1229         
 0.051249, 0.000000526, 0.000012, 1231         
 0.051158, 0.000000524, 0.000012, 1232         
 0.051065, 0.000000522, 0.000012, 1234         
 0.050978, 0.000000520, 0.000012, 1235         
 0.050889, 0.000000518, 0.000012, 1237         
 0.050797, 0.000000516, 0.000012, 1238         
 0.050694, 0.000000514, 0.000012, 1240         
 0.050606, 0.000000512, 0.000012, 1241         
 0.050514, 0.000000511, 0.000012, 1243         
 0.050428, 0.000000509, 0.000012, 1244         
 0.050344, 0.000000507, 0.000012, 1246         
 0.050258, 0.000000505, 0.000012, 1247         
 0.050177, 0.000000504, 0.000012, 1249         
 0.050081, 0.000000502, 0.000012, 1251         
 0.049993, 0.000000500, 0.000012, 1252         
 0.049916, 0.000000499, 0.000012, 1254         
 0.049844, 0.000000497, 0.000012, 1255         
 0.049753, 0.000000495, 0.000012, 1257         
 0.049670, 0.000000494, 0.000012, 1258         
 0.049583, 0.000000492, 0.000012, 1260         
 0.049503, 0.000000490, 0.000012, 1261         
 0.049410, 0.000000488, 0.000012, 1263         
 0.049322, 0.000000487, 0.000012, 1264         
 0.049234, 0.000000485, 0.000012, 1266         
 0.049061, 0.000000482, 0.000012, 1267         
 0.048780, 0.000000476, 0.000012, 1269         
 0.048311, 0.000000467, 0.000012, 1270         
 0.048090, 0.000000463, 0.000012, 1272         
 0.047901, 0.000000459, 0.000012, 1273         
 0.046911, 0.000000440, 0.000012, 1275         
 0.044932, 0.000000404, 0.000012, 1276         
 0.042324, 0.000000358, 0.000012, 1278         
 0.042305, 0.000000358, 0.000012, 1280         
 0.042311, 0.000000358, 0.000012, 1281         
 0.041038, 0.000000337, 0.000012, 1283         
 0.042086, 0.000000354, 0.000012, 1284         
 0.042754, 0.000000366, 0.000012, 1286         
 0.043444, 0.000000378, 0.000012, 1287         
 0.043785, 0.000000384, 0.000012, 1289         
 0.042542, 0.000000362, 0.000012, 1290         
 0.041618, 0.000000347, 0.000012, 1292         
 0.041591, 0.000000346, 0.000012, 1293         
 0.041531, 0.000000345, 0.000012, 1295         
 0.042131, 0.000000355, 0.000012, 1296         
 0.042470, 0.000000361, 0.000012, 1298         
 0.043684, 0.000000382, 0.000012, 1299         
 0.044883, 0.000000403, 0.000012, 1301         
 0.045078, 0.000000407, 0.000012, 1302         
 0.044462, 0.000000396, 0.000012, 1304         
 0.043774, 0.000000383, 0.000012, 1306         
 0.043637, 0.000000381, 0.000012, 1307         
 0.043415, 0.000000377, 0.000012, 1309         
 0.043825, 0.000000384, 0.000012, 1310         
 0.044492, 0.000000396, 0.000012, 1312         
 0.044585, 0.000000398, 0.000012, 1313         
 0.044567, 0.000000397, 0.000012, 1315         
 0.044752, 0.000000401, 0.000012, 1316         
 0.044866, 0.000000403, 0.000012, 1318         
 0.044571, 0.000000397, 0.000012, 1319         
 0.044205, 0.000000391, 0.000012, 1321         
 0.044078, 0.000000389, 0.000012, 1322         
 0.043990, 0.000000387, 0.000012, 1324         
 0.043924, 0.000000386, 0.000012, 1325         
 0.043862, 0.000000385, 0.000012, 1327         
 0.043807, 0.000000384, 0.000012, 1329         
 0.043753, 0.000000383, 0.000012, 1330         
 0.043685, 0.000000382, 0.000012, 1332         
 0.043626, 0.000000381, 0.000012, 1333         
 0.043565, 0.000000380, 0.000012, 1335         
 0.043510, 0.000000379, 0.000012, 1336         
 0.043453, 0.000000378, 0.000012, 1338         
 0.043394, 0.000000377, 0.000012, 1339         
 0.043327, 0.000000376, 0.000012, 1341         
 0.043268, 0.000000375, 0.000012, 1342         
 0.043188, 0.000000373, 0.000012, 1344         
 0.043145, 0.000000372, 0.000012, 1345         
 0.043097, 0.000000372, 0.000012, 1347         
 0.043034, 0.000000371, 0.000012, 1348         
 0.042980, 0.000000370, 0.000012, 1350         
 0.042929, 0.000000369, 0.000012, 1351         
 0.042878, 0.000000368, 0.000012, 1353         
 0.042816, 0.000000367, 0.000012, 1355         
 0.042761, 0.000000366, 0.000012, 1356         
 0.042711, 0.000000365, 0.000012, 1358         
 0.042667, 0.000000364, 0.000012, 1359         
 0.042610, 0.000000363, 0.000012, 1361         
 0.042562, 0.000000362, 0.000012, 1362         
 0.042502, 0.000000361, 0.000012, 1364         
 0.042453, 0.000000361, 0.000012, 1365         
 0.042426, 0.000000360, 0.000012, 1367         
 0.042371, 0.000000359, 0.000012, 1368         
 0.042294, 0.000000358, 0.000012, 1370         
 0.042254, 0.000000357, 0.000012, 1371         
 0.042196, 0.000000356, 0.000012, 1373         
 0.042136, 0.000000355, 0.000012, 1374         
 0.042085, 0.000000354, 0.000012, 1376         
 0.042040, 0.000000354, 0.000012, 1377         
 0.041997, 0.000000353, 0.000012, 1379         
 0.041938, 0.000000352, 0.000012, 1380         
 0.041883, 0.000000351, 0.000012, 1382         
 0.041838, 0.000000350, 0.000012, 1384         
 0.041771, 0.000000349, 0.000012, 1385         
 0.041725, 0.000000348, 0.000012, 1387         
 0.041670, 0.000000347, 0.000012, 1388         
 0.041631, 0.000000347, 0.000012, 1390         
 0.041564, 0.000000346, 0.000012, 1391         
 0.041504, 0.000000345, 0.000012, 1393         
 0.041453, 0.000000344, 0.000012, 1394         
 0.041410, 0.000000343, 0.000012, 1396         
 0.041361, 0.000000342, 0.000012, 1397         
 0.041296, 0.000000341, 0.000012, 1399         
 0.041253, 0.000000341, 0.000012, 1400         
 0.041204, 0.000000340, 0.000012, 1402         
 0.041158, 0.000000339, 0.000012, 1403         
 0.041109, 0.000000338, 0.000012, 1405         
 0.041043, 0.000000337, 0.000012, 1406         
 0.040998, 0.000000336, 0.000012, 1408         
 0.040946, 0.000000335, 0.000012, 1410         
 0.040909, 0.000000335, 0.000012, 1411         
 0.040852, 0.000000334, 0.000012, 1413         
 0.040788, 0.000000333, 0.000012, 1414         
 0.040739, 0.000000332, 0.000012, 1416         
 0.040693, 0.000000331, 0.000012, 1417         
 0.040634, 0.000000330, 0.000012, 1419         
 0.040585, 0.000000330, 0.000012, 1420         
 0.040537, 0.000000329, 0.000012, 1422         
 0.040494, 0.000000328, 0.000012, 1423         
 0.040440, 0.000000327, 0.000012, 1425         
 0.040409, 0.000000327, 0.000012, 1426         
 0.040376, 0.000000326, 0.000012, 1428         
 0.040319, 0.000000325, 0.000012, 1429         
 0.040266, 0.000000324, 0.000012, 1431         
 0.040232, 0.000000324, 0.000012, 1432         
 0.040185, 0.000000323, 0.000012, 1434         
 0.040126, 0.000000322, 0.000012, 1436         
 0.040070, 0.000000321, 0.000012, 1437         
 0.040014, 0.000000320, 0.000012, 1439         
 0.039980, 0.000000320, 0.000012, 1440         
 0.039936, 0.000000319, 0.000012, 1442         
 0.039877, 0.000000318, 0.000012, 1443         
 0.039826, 0.000000317, 0.000012, 1445         
 0.039780, 0.000000317, 0.000012, 1446         
 0.039729, 0.000000316, 0.000012, 1448         
 0.039703, 0.000000315, 0.000012, 1449         
 0.039649, 0.000000315, 0.000012, 1451         
 0.039609, 0.000000314, 0.000012, 1452         
 0.039585, 0.000000314, 0.000012, 1454         
 0.039558, 0.000000313, 0.000012, 1455         
 0.039506, 0.000000312, 0.000012, 1457         
 0.039463, 0.000000312, 0.000012, 1458         
 0.039415, 0.000000311, 0.000012, 1460         
 0.039383, 0.000000310, 0.000012, 1461         
 0.039350, 0.000000310, 0.000012, 1463         
 0.039312, 0.000000309, 0.000012, 1465         
 0.039274, 0.000000309, 0.000012, 1466         
 0.039248, 0.000000308, 0.000012, 1468         
 0.039207, 0.000000308, 0.000012, 1469         
 0.039164, 0.000000307, 0.000012, 1471         
 0.039129, 0.000000306, 0.000012, 1472         
 0.039085, 0.000000306, 0.000012, 1474         
 0.039060, 0.000000305, 0.000012, 1475         
 0.039018, 0.000000305, 0.000012, 1477         
 0.038983, 0.000000304, 0.000012, 1478         
 0.038941, 0.000000303, 0.000012, 1480         
 0.038899, 0.000000303, 0.000012, 1481         
 0.038861, 0.000000302, 0.000012, 1483         
 0.038834, 0.000000302, 0.000012, 1484         
 0.038798, 0.000000301, 0.000012, 1486         
 0.038769, 0.000000301, 0.000012, 1487         
 0.038745, 0.000000300, 0.000012, 1489         
 0.038717, 0.000000300, 0.000012, 1491         
 0.038676, 0.000000299, 0.000012, 1492         
 0.038625, 0.000000299, 0.000012, 1494         
 0.038568, 0.000000298, 0.000012, 1495         
 0.038544, 0.000000297, 0.000012, 1497         
 0.038510, 0.000000297, 0.000012, 1498         
 0.038444, 0.000000296, 0.000012, 1500         
 0.038411, 0.000000295, 0.000012, 1501         
 0.038366, 0.000000295, 0.000012, 1503         
 0.038337, 0.000000294, 0.000012, 1504         
 0.038286, 0.000000293, 0.000012, 1506         
 0.038231, 0.000000292, 0.000012, 1507         
 0.038203, 0.000000292, 0.000012, 1509         
 0.038167, 0.000000291, 0.000012, 1510         
 0.038138, 0.000000291, 0.000012, 1512         
 0.038091, 0.000000290, 0.000012, 1513         
 0.038063, 0.000000290, 0.000012, 1515         
 0.038014, 0.000000289, 0.000012, 1517         
 0.037977, 0.000000289, 0.000012, 1518         
 0.037914, 0.000000288, 0.000012, 1520         
 0.037853, 0.000000287, 0.000012, 1521         
 0.037826, 0.000000286, 0.000012, 1523         
 0.037789, 0.000000286, 0.000012, 1524         
 0.037764, 0.000000285, 0.000012, 1526         
 0.037730, 0.000000285, 0.000012, 1527         
 0.037691, 0.000000284, 0.000012, 1529         
 0.037654, 0.000000284, 0.000012, 1530         
 0.037616, 0.000000283, 0.000012, 1532         
 0.037579, 0.000000283, 0.000012, 1533         
 0.037538, 0.000000282, 0.000012, 1535         
 0.037511, 0.000000282, 0.000012, 1536         
 0.037478, 0.000000281, 0.000012, 1538         
 0.037444, 0.000000281, 0.000012, 1539         
 0.037407, 0.000000280, 0.000012, 1541         
 0.037381, 0.000000280, 0.000012, 1542         
 0.037326, 0.000000279, 0.000012, 1544         
 0.037310, 0.000000279, 0.000012, 1546         
 0.037273, 0.000000278, 0.000012, 1547         
 0.037243, 0.000000278, 0.000012, 1549         
 0.037205, 0.000000277, 0.000012, 1550         
 0.037157, 0.000000276, 0.000012, 1552         
 0.037117, 0.000000276, 0.000012, 1553         
 0.037081, 0.000000275, 0.000012, 1555         
 0.037055, 0.000000275, 0.000012, 1556         
 0.037020, 0.000000274, 0.000012, 1558         
 0.036999, 0.000000274, 0.000012, 1559         
 0.036964, 0.000000273, 0.000012, 1561         
 0.036932, 0.000000273, 0.000012, 1562         
 0.036903, 0.000000272, 0.000012, 1564         
 0.036882, 0.000000272, 0.000012, 1565         
 0.036844, 0.000000272, 0.000012, 1567         
 0.036811, 0.000000271, 0.000012, 1568         
 0.036773, 0.000000271, 0.000012, 1570         
 0.036743, 0.000000270, 0.000012, 1572         
 0.036728, 0.000000270, 0.000012, 1573         
 0.036682, 0.000000269, 0.000012, 1575         
 0.036655, 0.000000269, 0.000012, 1576         
 0.036629, 0.000000268, 0.000012, 1578         
 0.036607, 0.000000268, 0.000012, 1579         
 0.036562, 0.000000267, 0.000012, 1581         
 0.036531, 0.000000267, 0.000012, 1582         
 0.036496, 0.000000266, 0.000012, 1584         
 0.036452, 0.000000266, 0.000012, 1585         
 0.036438, 0.000000266, 0.000012, 1587         
 0.036406, 0.000000265, 0.000012, 1588         
 0.036378, 0.000000265, 0.000012, 1590         
 0.036348, 0.000000264, 0.000012, 1591         
 0.036333, 0.000000264, 0.000012, 1593         
 0.036301, 0.000000264, 0.000012, 1594         
 0.036283, 0.000000263, 0.000012, 1596         
 0.036240, 0.000000263, 0.000012, 1598         
 0.036212, 0.000000262, 0.000012, 1599         
 0.036186, 0.000000262, 0.000012, 1601         
 0.036158, 0.000000262, 0.000012, 1602         
 0.036134, 0.000000261, 0.000012, 1604         
 0.036091, 0.000000261, 0.000012, 1605         
 0.036067, 0.000000260, 0.000012, 1607         
 0.036042, 0.000000260, 0.000012, 1608         
 0.036024, 0.000000260, 0.000012, 1610         
 0.036006, 0.000000259, 0.000012, 1611         
 0.035976, 0.000000259, 0.000012, 1613         
 0.035943, 0.000000258, 0.000012, 1614         
 0.035904, 0.000000258, 0.000012, 1616         
 0.035883, 0.000000258, 0.000012, 1617         
 0.035860, 0.000000257, 0.000012, 1619         
 0.035836, 0.000000257, 0.000012, 1620         
 0.035804, 0.000000256, 0.000012, 1622         
 0.035778, 0.000000256, 0.000012, 1624         
 0.035749, 0.000000256, 0.000012, 1625         
 0.035728, 0.000000255, 0.000012, 1627         
 0.035697, 0.000000255, 0.000012, 1628         
 0.035678, 0.000000255, 0.000012, 1630         
 0.035663, 0.000000254, 0.000012, 1631         
 0.035635, 0.000000254, 0.000012, 1633         
 0.035608, 0.000000254, 0.000012, 1634         
 0.035579, 0.000000253, 0.000012, 1636         
 0.035550, 0.000000253, 0.000012, 1637         
 0.035535, 0.000000253, 0.000012, 1639         
 0.035503, 0.000000252, 0.000012, 1640         
 0.035494, 0.000000252, 0.000012, 1642         
 0.035478, 0.000000252, 0.000012, 1643         
 0.035454, 0.000000251, 0.000012, 1645         
 0.035435, 0.000000251, 0.000012, 1646         
 0.035414, 0.000000251, 0.000012, 1648         
 0.035381, 0.000000250, 0.000012, 1650         
 0.035370, 0.000000250, 0.000012, 1651         
 0.035345, 0.000000250, 0.000012, 1653         
 0.035334, 0.000000250, 0.000012, 1654         
 0.035316, 0.000000250, 0.000012, 1656         
 0.035294, 0.000000249, 0.000012, 1657         
 0.035272, 0.000000249, 0.000012, 1659         
 0.035242, 0.000000248, 0.000012, 1660         
 0.035224, 0.000000248, 0.000012, 1662         
 0.035207, 0.000000248, 0.000012, 1663         
 0.035184, 0.000000248, 0.000012, 1665         
 0.035158, 0.000000247, 0.000012, 1666         
 0.035141, 0.000000247, 0.000012, 1668         
 0.035112, 0.000000247, 0.000012, 1669         
 0.035081, 0.000000246, 0.000012, 1671         
 0.034980, 0.000000245, 0.000012, 1672         
 0.034883, 0.000000243, 0.000012, 1674         
 0.034859, 0.000000243, 0.000012, 1676         
 0.034855, 0.000000243, 0.000012, 1677         
 0.034838, 0.000000243, 0.000012, 1679         
 0.034823, 0.000000243, 0.000012, 1680         
 0.034791, 0.000000242, 0.000012, 1682         
 0.034751, 0.000000242, 0.000012, 1683         
 0.034744, 0.000000242, 0.000012, 1685         
 0.034703, 0.000000241, 0.000012, 1686         
 0.034676, 0.000000241, 0.000012, 1688         
 0.034671, 0.000000241, 0.000012, 1689         
 0.034657, 0.000000240, 0.000012, 1691         
 0.034631, 0.000000240, 0.000012, 1692         
 0.034586, 0.000000239, 0.000012, 1694         
 0.034529, 0.000000239, 0.000012, 1695         
 0.034448, 0.000000237, 0.000012, 1697         
 0.034430, 0.000000237, 0.000012, 1698         
 0.034304, 0.000000235, 0.000012, 1700         
 0.034069, 0.000000232, 0.000012, 1702         
 0.034143, 0.000000233, 0.000012, 1703         
 0.034299, 0.000000235, 0.000012, 1705         
 0.034369, 0.000000236, 0.000012, 1706         
 0.034373, 0.000000236, 0.000012, 1708         
 0.034368, 0.000000236, 0.000012, 1709         
 0.034373, 0.000000236, 0.000012, 1711         
 0.034350, 0.000000236, 0.000012, 1712         
 0.034289, 0.000000235, 0.000012, 1714         
 0.034276, 0.000000235, 0.000012, 1715         
 0.034294, 0.000000235, 0.000012, 1717         
 0.034283, 0.000000235, 0.000012, 1718         
 0.034254, 0.000000235, 0.000012, 1720         
 0.034235, 0.000000234, 0.000012, 1721         
 0.034206, 0.000000234, 0.000012, 1723         
 0.034195, 0.000000234, 0.000012, 1724         
 0.034181, 0.000000234, 0.000012, 1726         
 0.034165, 0.000000234, 0.000012, 1728         
 0.034203, 0.000000234, 0.000012, 1729         
 0.034339, 0.000000236, 0.000012, 1731         
 0.034486, 0.000000238, 0.000012, 1732         
 0.034539, 0.000000239, 0.000012, 1734         
 0.034366, 0.000000236, 0.000012, 1735         
 0.034364, 0.000000236, 0.000012, 1737         
 0.034405, 0.000000237, 0.000012, 1738         
 0.034557, 0.000000239, 0.000012, 1740         
 0.034773, 0.000000242, 0.000012, 1741         
 0.034243, 0.000000235, 0.000012, 1743         
 0.034067, 0.000000232, 0.000012, 1744         
 0.033997, 0.000000231, 0.000012, 1746         
 0.033947, 0.000000231, 0.000012, 1747         
 0.033896, 0.000000230, 0.000012, 1749         
 0.033889, 0.000000230, 0.000012, 1750         
 0.033871, 0.000000230, 0.000012, 1752         
 0.033848, 0.000000229, 0.000012, 1754         
 0.033809, 0.000000229, 0.000012, 1755         
 0.033765, 0.000000228, 0.000012, 1757         
 0.033638, 0.000000226, 0.000012, 1758         
 0.033603, 0.000000226, 0.000012, 1760         
 0.033602, 0.000000226, 0.000012, 1761         
 0.033623, 0.000000226, 0.000012, 1763         
 0.033494, 0.000000224, 0.000012, 1764         
 0.033373, 0.000000223, 0.000012, 1766         
 0.033438, 0.000000224, 0.000012, 1767         
 0.033568, 0.000000225, 0.000012, 1769         
 0.033557, 0.000000225, 0.000012, 1770         
 0.033544, 0.000000225, 0.000012, 1772         
 0.033623, 0.000000226, 0.000012, 1773         
 0.033631, 0.000000226, 0.000012, 1775         
 0.033579, 0.000000226, 0.000012, 1776         
 0.033538, 0.000000225, 0.000012, 1778         
 0.033602, 0.000000226, 0.000012, 1780         
 0.033344, 0.000000222, 0.000012, 1781         
 0.033353, 0.000000223, 0.000012, 1783         
 0.033448, 0.000000224, 0.000012, 1784         
 0.033528, 0.000000225, 0.000012, 1786         
 0.033486, 0.000000224, 0.000012, 1787         
 0.033382, 0.000000223, 0.000012, 1789         
 0.033388, 0.000000223, 0.000012, 1790         
 0.033113, 0.000000219, 0.000012, 1792         
 0.032663, 0.000000213, 0.000012, 1793         
 0.032469, 0.000000211, 0.000012, 1795         
 0.032393, 0.000000210, 0.000012, 1796         
 0.032297, 0.000000209, 0.000012, 1798         
 0.032162, 0.000000207, 0.000012, 1799         
 0.032397, 0.000000210, 0.000012, 1801         
 0.032830, 0.000000216, 0.000012, 1802         
 0.033188, 0.000000220, 0.000012, 1804         
 0.033278, 0.000000222, 0.000012, 1806         
 0.033347, 0.000000222, 0.000012, 1807         
 0.033424, 0.000000224, 0.000012, 1809         
 0.033398, 0.000000223, 0.000012, 1810         
 0.033191, 0.000000220, 0.000012, 1812         
 0.032982, 0.000000218, 0.000012, 1813         
 0.032913, 0.000000217, 0.000012, 1815         
 0.032925, 0.000000217, 0.000012, 1816         
 0.032917, 0.000000217, 0.000012, 1818         
 0.032881, 0.000000216, 0.000012, 1819         
 0.032700, 0.000000214, 0.000012, 1821         
 0.032728, 0.000000214, 0.000012, 1822         
 0.032862, 0.000000216, 0.000012, 1824         
 0.032945, 0.000000217, 0.000012, 1825         
 0.032913, 0.000000217, 0.000012, 1827         
 0.032837, 0.000000216, 0.000012, 1828         
 0.032865, 0.000000216, 0.000012, 1830         
 0.032783, 0.000000215, 0.000012, 1832         
 0.032408, 0.000000210, 0.000012, 1833         
 0.032074, 0.000000206, 0.000012, 1835         
 0.031781, 0.000000202, 0.000012, 1836         
 0.031643, 0.000000200, 0.000012, 1838         
 0.031676, 0.000000201, 0.000012, 1839         
 0.031774, 0.000000202, 0.000012, 1841         
 0.031794, 0.000000202, 0.000012, 1842         
 0.031897, 0.000000204, 0.000012, 1844         
 0.031940, 0.000000204, 0.000012, 1845         
 0.032214, 0.000000208, 0.000012, 1847         
 0.031863, 0.000000203, 0.000012, 1848         
 0.031200, 0.000000195, 0.000012, 1850         
 0.030919, 0.000000191, 0.000012, 1851         
 0.031057, 0.000000193, 0.000012, 1853         
 0.031453, 0.000000198, 0.000012, 1854         
 0.031950, 0.000000204, 0.000012, 1856         
 0.032265, 0.000000208, 0.000012, 1857         
 0.032413, 0.000000210, 0.000012, 1859         
 0.032419, 0.000000210, 0.000012, 1861         
 0.032435, 0.000000210, 0.000012, 1862         
 0.032424, 0.000000210, 0.000012, 1864         
 0.032182, 0.000000207, 0.000012, 1865         
 0.032191, 0.000000207, 0.000012, 1867         
 0.032327, 0.000000209, 0.000012, 1868         
 0.032312, 0.000000209, 0.000012, 1870         
 0.032206, 0.000000208, 0.000012, 1871         
 0.032237, 0.000000208, 0.000012, 1873         
 0.032144, 0.000000207, 0.000012, 1874         
 0.032127, 0.000000207, 0.000012, 1876         
 0.032309, 0.000000209, 0.000012, 1877         
 0.032433, 0.000000210, 0.000012, 1879         
 0.032442, 0.000000211, 0.000012, 1880         
 0.032423, 0.000000210, 0.000012, 1882         
 0.032422, 0.000000210, 0.000012, 1883         
 0.032386, 0.000000210, 0.000012, 1885         
 0.032374, 0.000000210, 0.000012, 1887         
 0.032372, 0.000000210, 0.000012, 1888         
 0.032331, 0.000000209, 0.000012, 1890         
 0.032255, 0.000000208, 0.000012, 1891         
 0.032187, 0.000000207, 0.000012, 1893         
 0.032201, 0.000000207, 0.000012, 1894         
 0.032161, 0.000000207, 0.000012, 1896         
 0.032209, 0.000000208, 0.000012, 1897         
 0.032132, 0.000000207, 0.000012, 1899         
 0.031961, 0.000000204, 0.000012, 1900         
 0.031771, 0.000000202, 0.000012, 1902         
 0.031622, 0.000000200, 0.000012, 1903         
 0.031729, 0.000000201, 0.000012, 1905         
 0.031757, 0.000000202, 0.000012, 1906         
 0.031752, 0.000000202, 0.000012, 1908         
 0.031780, 0.000000202, 0.000012, 1909         
 0.031835, 0.000000203, 0.000012, 1911         
 0.031836, 0.000000203, 0.000012, 1912         
 0.031720, 0.000000201, 0.000012, 1914         
 0.031499, 0.000000199, 0.000012, 1916         
 0.031597, 0.000000200, 0.000012, 1917         
 0.031745, 0.000000202, 0.000012, 1919         
 0.031760, 0.000000202, 0.000012, 1920         
 0.031691, 0.000000201, 0.000012, 1922         
 0.031756, 0.000000202, 0.000012, 1923         
 0.031637, 0.000000200, 0.000012, 1925         
 0.031379, 0.000000197, 0.000012, 1926         
 0.031125, 0.000000194, 0.000012, 1928         
 0.030965, 0.000000192, 0.000012, 1929         
 0.030958, 0.000000192, 0.000012, 1931         
 0.030981, 0.000000192, 0.000012, 1932         
 0.030876, 0.000000191, 0.000012, 1934         
 0.030818, 0.000000190, 0.000012, 1935         
 0.030827, 0.000000190, 0.000012, 1937         
 0.030594, 0.000000187, 0.000012, 1938         
 0.030729, 0.000000189, 0.000012, 1940         
 0.031172, 0.000000194, 0.000012, 1942         
 0.031581, 0.000000200, 0.000012, 1943         
 0.031738, 0.000000202, 0.000012, 1945         
 0.031743, 0.000000202, 0.000012, 1946         
 0.031639, 0.000000200, 0.000012, 1948         
 0.031591, 0.000000200, 0.000012, 1949         
 0.031579, 0.000000200, 0.000012, 1951         
 0.031548, 0.000000199, 0.000012, 1952         
 0.031581, 0.000000200, 0.000012, 1954         
 0.031495, 0.000000198, 0.000012, 1955         
 0.031468, 0.000000198, 0.000012, 1957         
 0.031518, 0.000000199, 0.000012, 1958         
 0.031600, 0.000000200, 0.000012, 1960         
 0.031604, 0.000000200, 0.000012, 1961         
 0.031612, 0.000000200, 0.000012, 1963         
 0.031610, 0.000000200, 0.000012, 1964         
 0.031608, 0.000000200, 0.000012, 1966         
 0.031599, 0.000000200, 0.000012, 1968         
 0.031587, 0.000000200, 0.000012, 1969         
 0.031569, 0.000000199, 0.000012, 1971         
 0.031555, 0.000000199, 0.000012, 1972         
 0.031556, 0.000000199, 0.000012, 1974         
 0.031500, 0.000000199, 0.000012, 1975         
 0.031348, 0.000000197, 0.000012, 1977         
 0.031057, 0.000000193, 0.000012, 1978         
 0.031090, 0.000000193, 0.000012, 1980         
 0.031349, 0.000000197, 0.000012, 1981         
 0.031523, 0.000000199, 0.000012, 1983         
 0.031568, 0.000000199, 0.000012, 1984         
 0.031582, 0.000000200, 0.000012, 1986         
 0.031595, 0.000000200, 0.000012, 1987         
 0.031542, 0.000000199, 0.000012, 1989         
 0.031416, 0.000000197, 0.000012, 1990         
 0.031278, 0.000000196, 0.000012, 1992         
 0.030714, 0.000000189, 0.000012, 1993         
 0.030419, 0.000000185, 0.000012, 1995         
 0.030563, 0.000000187, 0.000012, 1997         
 0.030739, 0.000000189, 0.000012, 1998         
 0.031040, 0.000000193, 0.000012, 2000         
 0.031321, 0.000000196, 0.000012, 2001         
 0.031393, 0.000000197, 0.000012, 2003         
 0.031441, 0.000000198, 0.000012, 2004         
 0.031370, 0.000000197, 0.000012, 2006         
 0.031416, 0.000000197, 0.000012, 2007         
 0.031344, 0.000000197, 0.000012, 2009         
 0.031090, 0.000000193, 0.000012, 2010         
 0.031040, 0.000000193, 0.000012, 2012         
 0.031225, 0.000000195, 0.000012, 2013         
 0.031383, 0.000000197, 0.000012, 2015         
 0.031423, 0.000000198, 0.000012, 2016         
 0.031441, 0.000000198, 0.000012, 2018         
 0.031524, 0.000000199, 0.000012, 2019         
 0.032038, 0.000000205, 0.000012, 2021         
 0.031354, 0.000000197, 0.000012, 2023         
 0.031033, 0.000000193, 0.000012, 2024         
 0.031711, 0.000000201, 0.000012, 2026         
 0.031120, 0.000000194, 0.000012, 2027         
 0.030847, 0.000000190, 0.000012, 2029         
 0.030740, 0.000000189, 0.000012, 2030         
 0.030670, 0.000000188, 0.000012, 2032         
 0.030823, 0.000000190, 0.000012, 2033         
 0.030991, 0.000000192, 0.000012, 2035         
 0.031108, 0.000000194, 0.000012, 2036         
 0.030884, 0.000000191, 0.000012, 2038         
 0.030225, 0.000000183, 0.000012, 2039         
 0.029541, 0.000000175, 0.000012, 2041         
 0.028758, 0.000000165, 0.000012, 2042         
 0.028568, 0.000000163, 0.000012, 2044         
 0.028618, 0.000000164, 0.000012, 2045         
 0.028759, 0.000000165, 0.000012, 2047         
 0.029119, 0.000000170, 0.000012, 2049         
 0.029438, 0.000000173, 0.000012, 2050         
 0.029922, 0.000000179, 0.000012, 2052         
 0.030425, 0.000000185, 0.000012, 2053         
 0.030827, 0.000000190, 0.000012, 2055         
 0.030960, 0.000000192, 0.000012, 2056         
 0.030981, 0.000000192, 0.000012, 2058         
 0.030951, 0.000000192, 0.000012, 2059         
 0.030848, 0.000000190, 0.000012, 2061         
 0.030780, 0.000000190, 0.000012, 2062         
 0.030761, 0.000000189, 0.000012, 2064         
 0.030703, 0.000000189, 0.000012, 2065         
 0.030624, 0.000000188, 0.000012, 2067         
 0.030633, 0.000000188, 0.000012, 2068         
 0.030657, 0.000000188, 0.000012, 2070         
 0.030737, 0.000000189, 0.000012, 2071         
 0.030763, 0.000000189, 0.000012, 2073         
 0.030734, 0.000000189, 0.000012, 2075         
 0.030801, 0.000000190, 0.000012, 2076         
 0.030866, 0.000000191, 0.000012, 2078         
 0.030888, 0.000000191, 0.000012, 2079         
 0.030880, 0.000000191, 0.000012, 2081         
 0.030851, 0.000000190, 0.000012, 2082         
 0.030831, 0.000000190, 0.000012, 2084         
 0.030826, 0.000000190, 0.000012, 2085         
 0.030828, 0.000000190, 0.000012, 2087         
 0.030829, 0.000000190, 0.000012, 2088         
 0.030819, 0.000000190, 0.000012, 2090         
 0.030826, 0.000000190, 0.000012, 2091         
 0.030820, 0.000000190, 0.000012, 2093         
 0.030807, 0.000000190, 0.000012, 2094         
 0.030797, 0.000000190, 0.000012, 2096         
 0.030796, 0.000000190, 0.000012, 2097         
 0.030785, 0.000000190, 0.000012, 2099         
 0.030782, 0.000000190, 0.000012, 2101         
 0.030778, 0.000000190, 0.000012, 2102         
 0.030765, 0.000000189, 0.000012, 2104         
 0.030765, 0.000000189, 0.000012, 2105         
 0.030752, 0.000000189, 0.000012, 2107         
 0.030743, 0.000000189, 0.000012, 2108         
 0.030744, 0.000000189, 0.000012, 2110         
 0.030729, 0.000000189, 0.000012, 2111         
 0.030723, 0.000000189, 0.000012, 2113         
 0.030706, 0.000000189, 0.000012, 2114         
 0.030697, 0.000000189, 0.000012, 2116         
 0.030695, 0.000000189, 0.000012, 2117         
 0.030696, 0.000000189, 0.000012, 2119         
 0.030694, 0.000000189, 0.000012, 2120         
 0.030685, 0.000000188, 0.000012, 2122         
 0.030677, 0.000000188, 0.000012, 2123         
 0.030674, 0.000000188, 0.000012, 2125         
 0.030652, 0.000000188, 0.000012, 2127         
 0.030650, 0.000000188, 0.000012, 2128         
 0.030639, 0.000000188, 0.000012, 2130         
 0.030639, 0.000000188, 0.000012, 2131         
 0.030626, 0.000000188, 0.000012, 2133         
 0.030601, 0.000000187, 0.000012, 2134         
 0.030555, 0.000000187, 0.000012, 2136         
 0.030573, 0.000000187, 0.000012, 2137         
 0.030587, 0.000000187, 0.000012, 2139         
 0.030591, 0.000000187, 0.000012, 2140         
 0.030590, 0.000000187, 0.000012, 2142         
 0.030581, 0.000000187, 0.000012, 2143         
 0.030570, 0.000000187, 0.000012, 2145         
 0.030564, 0.000000187, 0.000012, 2146         
 0.030556, 0.000000187, 0.000012, 2148         
 0.030548, 0.000000187, 0.000012, 2149         
 0.030541, 0.000000187, 0.000012, 2151         
 0.030536, 0.000000187, 0.000012, 2152         
 0.030540, 0.000000187, 0.000012, 2154         
 0.030529, 0.000000186, 0.000012, 2156         
 0.030518, 0.000000186, 0.000012, 2157         
 0.030515, 0.000000186, 0.000012, 2159         
 0.030507, 0.000000186, 0.000012, 2160         
 0.030498, 0.000000186, 0.000012, 2162         
 0.030497, 0.000000186, 0.000012, 2163         
 0.030503, 0.000000186, 0.000012, 2165         
 0.030493, 0.000000186, 0.000012, 2166         
 0.030483, 0.000000186, 0.000012, 2168         
 0.030480, 0.000000186, 0.000012, 2169         
 0.030475, 0.000000186, 0.000012, 2171         
 0.030476, 0.000000186, 0.000012, 2172         
 0.030478, 0.000000186, 0.000012, 2174         
 0.030469, 0.000000186, 0.000012, 2175         
 0.030455, 0.000000186, 0.000012, 2177         
 0.030452, 0.000000186, 0.000012, 2178         
 0.030440, 0.000000185, 0.000012, 2180         
 0.030423, 0.000000185, 0.000012, 2182         
 0.030397, 0.000000185, 0.000012, 2183         
 0.030396, 0.000000185, 0.000012, 2185         
 0.030405, 0.000000185, 0.000012, 2186         
 0.030396, 0.000000185, 0.000012, 2188         
 0.030377, 0.000000185, 0.000012, 2189         
 0.030396, 0.000000185, 0.000012, 2191         
 0.030400, 0.000000185, 0.000012, 2192         
 0.030337, 0.000000184, 0.000012, 2194         
 0.030237, 0.000000183, 0.000012, 2195         
 0.030238, 0.000000183, 0.000012, 2197         
 0.030297, 0.000000184, 0.000012, 2198         
 0.030270, 0.000000183, 0.000012, 2200         
 0.030285, 0.000000184, 0.000012, 2201         
 0.030323, 0.000000184, 0.000012, 2203         
 0.030389, 0.000000185, 0.000012, 2204         
 0.030507, 0.000000186, 0.000012, 2206         
 0.030564, 0.000000187, 0.000012, 2208         
 0.031534, 0.000000199, 0.000012, 2209         
 0.030935, 0.000000191, 0.000012, 2211         
 0.030734, 0.000000189, 0.000012, 2212         
 0.030628, 0.000000188, 0.000012, 2214         
 0.030615, 0.000000188, 0.000012, 2215         
 0.030532, 0.000000187, 0.000012, 2217         
 0.030514, 0.000000186, 0.000012, 2218         
 0.030504, 0.000000186, 0.000012, 2220         
 0.030513, 0.000000186, 0.000012, 2221         
 0.030498, 0.000000186, 0.000012, 2223         
 0.030495, 0.000000186, 0.000012, 2224         
 0.030493, 0.000000186, 0.000012, 2226         
 0.030497, 0.000000186, 0.000012, 2227         
 0.030482, 0.000000186, 0.000012, 2229         
 0.030479, 0.000000186, 0.000012, 2230         
 0.030481, 0.000000186, 0.000012, 2232         
 0.030468, 0.000000186, 0.000012, 2233         
 0.030467, 0.000000186, 0.000012, 2235         
 0.030468, 0.000000186, 0.000012, 2237         
 0.030461, 0.000000186, 0.000012, 2238         
 0.030452, 0.000000186, 0.000012, 2240         
 0.030460, 0.000000186, 0.000012, 2241         
 0.030457, 0.000000186, 0.000012, 2243         
 0.030453, 0.000000186, 0.000012, 2244         
 0.030440, 0.000000185, 0.000012, 2246         
 0.030436, 0.000000185, 0.000012, 2247         
 0.030394, 0.000000185, 0.000012, 2249         
 0.030356, 0.000000184, 0.000012, 2250         
 0.030357, 0.000000184, 0.000012, 2252         
 0.030344, 0.000000184, 0.000012, 2253         
 0.030335, 0.000000184, 0.000012, 2255         
 0.030334, 0.000000184, 0.000012, 2256         
 0.030332, 0.000000184, 0.000012, 2258         
 0.030336, 0.000000184, 0.000012, 2259         
 0.030344, 0.000000184, 0.000012, 2261         
 0.030327, 0.000000184, 0.000012, 2263         
 0.030330, 0.000000184, 0.000012, 2264         
 0.030311, 0.000000184, 0.000012, 2266         
 0.030317, 0.000000184, 0.000012, 2267         
 0.030317, 0.000000184, 0.000012, 2269         
 0.030310, 0.000000184, 0.000012, 2270         
 0.030310, 0.000000184, 0.000012, 2272         
 0.030307, 0.000000184, 0.000012, 2273         
 0.030307, 0.000000184, 0.000012, 2275         
 0.030301, 0.000000184, 0.000012, 2276         
 0.030296, 0.000000184, 0.000012, 2278         
 0.030292, 0.000000184, 0.000012, 2279         
 0.030297, 0.000000184, 0.000012, 2281         
 0.030299, 0.000000184, 0.000012, 2282         
 0.030303, 0.000000184, 0.000012, 2284         
 0.030304, 0.000000184, 0.000012, 2286         
 0.030300, 0.000000184, 0.000012, 2287         
 0.030298, 0.000000184, 0.000012, 2289         
 0.030321, 0.000000184, 0.000012, 2290         
 0.030344, 0.000000184, 0.000012, 2292         
 0.030368, 0.000000185, 0.000012, 2293         
 0.030378, 0.000000185, 0.000012, 2295         
 0.030439, 0.000000185, 0.000012, 2296         
 0.030515, 0.000000186, 0.000012, 2298         
 0.030476, 0.000000186, 0.000012, 2299         
 0.030492, 0.000000186, 0.000012, 2301         
 0.030681, 0.000000188, 0.000012, 2302         
 0.030501, 0.000000186, 0.000012, 2304         
 0.030342, 0.000000184, 0.000012, 2305         
 0.030304, 0.000000184, 0.000012, 2307         
 0.030908, 0.000000191, 0.000012, 2308         
 0.030873, 0.000000191, 0.000012, 2310         
 0.032157, 0.000000207, 0.000012, 2312         
 0.030866, 0.000000191, 0.000012, 2313         
 0.030378, 0.000000185, 0.000012, 2315         
 0.030258, 0.000000183, 0.000012, 2316         
 0.030231, 0.000000183, 0.000012, 2318         
 0.030228, 0.000000183, 0.000012, 2319         
 0.030221, 0.000000183, 0.000012, 2321         
 0.030213, 0.000000183, 0.000012, 2322         
 0.030209, 0.000000183, 0.000012, 2324         
 0.030203, 0.000000183, 0.000012, 2325         
 0.030200, 0.000000182, 0.000012, 2327         
 0.030213, 0.000000183, 0.000012, 2328         
 0.030217, 0.000000183, 0.000012, 2330         
 0.030217, 0.000000183, 0.000012, 2331         
 0.030210, 0.000000183, 0.000012, 2333         
 0.030204, 0.000000183, 0.000012, 2334         
 0.030204, 0.000000183, 0.000012, 2336         
 0.030204, 0.000000183, 0.000012, 2338         
 0.030201, 0.000000182, 0.000012, 2339         
 0.030199, 0.000000182, 0.000012, 2341         
 0.030198, 0.000000182, 0.000012, 2342         
 0.030200, 0.000000182, 0.000012, 2344         
 0.030200, 0.000000182, 0.000012, 2345         
 0.030196, 0.000000182, 0.000012, 2347         
 0.030189, 0.000000182, 0.000012, 2348         
 0.030189, 0.000000182, 0.000012, 2350         
 0.030185, 0.000000182, 0.000012, 2351         
 0.030183, 0.000000182, 0.000012, 2353         
 0.030183, 0.000000182, 0.000012, 2354         
 0.030186, 0.000000182, 0.000012, 2356         
 0.030188, 0.000000182, 0.000012, 2357         
 0.030180, 0.000000182, 0.000012, 2359         
 0.030186, 0.000000182, 0.000012, 2360         
 0.030185, 0.000000182, 0.000012, 2362         
 0.030182, 0.000000182, 0.000012, 2364         
 0.030194, 0.000000182, 0.000012, 2365         
 0.030192, 0.000000182, 0.000012, 2367         
 0.030185, 0.000000182, 0.000012, 2368         
 0.030191, 0.000000182, 0.000012, 2370         
 0.030210, 0.000000183, 0.000012, 2371         
 0.030528, 0.000000186, 0.000012, 2373         
 0.030892, 0.000000191, 0.000012, 2374         
 0.031151, 0.000000194, 0.000012, 2376         
 0.031009, 0.000000192, 0.000012, 2377         
 0.030793, 0.000000190, 0.000012, 2379         
 0.030719, 0.000000189, 0.000012, 2380         
 0.030681, 0.000000188, 0.000012, 2382         
 0.030636, 0.000000188, 0.000012, 2383         
 0.030575, 0.000000187, 0.000012, 2385         
 0.031022, 0.000000193, 0.000012, 2386         
 0.030497, 0.000000186, 0.000012, 2388         
 0.030358, 0.000000184, 0.000012, 2389         
 0.030306, 0.000000184, 0.000012, 2391         
 0.030274, 0.000000183, 0.000012, 2393         
 0.030232, 0.000000183, 0.000012, 2394         
 0.030200, 0.000000182, 0.000012, 2396         
 0.030186, 0.000000182, 0.000012, 2397         
 0.030158, 0.000000182, 0.000012, 2399         
 0.030149, 0.000000182, 0.000012, 2400         
 0.030142, 0.000000182, 0.000012, 2402         
 0.030142, 0.000000182, 0.000012, 2403         
 0.030143, 0.000000182, 0.000012, 2405         
 0.030140, 0.000000182, 0.000012, 2406         
 0.030144, 0.000000182, 0.000012, 2408         
 0.030140, 0.000000182, 0.000012, 2409         
 0.030145, 0.000000182, 0.000012, 2411         
 0.030138, 0.000000182, 0.000012, 2412         
 0.030138, 0.000000182, 0.000012, 2414         
 0.030137, 0.000000182, 0.000012, 2415         
 0.030141, 0.000000182, 0.000012, 2417         
 0.030136, 0.000000182, 0.000012, 2419         
 0.030137, 0.000000182, 0.000012, 2420         
 0.030138, 0.000000182, 0.000012, 2422         
 0.030137, 0.000000182, 0.000012, 2423         
 0.030127, 0.000000182, 0.000012, 2425         
 0.030129, 0.000000182, 0.000012, 2426         
 0.030127, 0.000000182, 0.000012, 2428         
 0.030132, 0.000000182, 0.000012, 2429         
 0.030127, 0.000000182, 0.000012, 2431         
 0.030125, 0.000000182, 0.000012, 2432         
 0.030125, 0.000000182, 0.000012, 2434         
 0.030130, 0.000000182, 0.000012, 2435         
 0.030129, 0.000000182, 0.000012, 2437         
 0.030117, 0.000000181, 0.000012, 2438         
 0.030118, 0.000000181, 0.000012, 2440         
 0.030112, 0.000000181, 0.000012, 2441         
 0.030114, 0.000000181, 0.000012, 2443         
 0.030120, 0.000000182, 0.000012, 2444         
 0.030113, 0.000000181, 0.000012, 2446         
 0.030111, 0.000000181, 0.000012, 2448         
 0.030103, 0.000000181, 0.000012, 2449         
 0.030104, 0.000000181, 0.000012, 2451         
 0.030097, 0.000000181, 0.000012, 2452         
 0.030101, 0.000000181, 0.000012, 2454         
 0.030093, 0.000000181, 0.000012, 2455         
 0.030096, 0.000000181, 0.000012, 2457         
 0.030092, 0.000000181, 0.000012, 2458         
 0.030094, 0.000000181, 0.000012, 2460         
 0.030098, 0.000000181, 0.000012, 2461         
 0.030098, 0.000000181, 0.000012, 2463         
 0.030083, 0.000000181, 0.000012, 2464         
 0.030093, 0.000000181, 0.000012, 2466         
 0.030091, 0.000000181, 0.000012, 2467         
 0.030090, 0.000000181, 0.000012, 2469         
 0.030087, 0.000000181, 0.000012, 2470         
 0.030080, 0.000000181, 0.000012, 2472         
 0.030076, 0.000000181, 0.000012, 2474         
 0.030072, 0.000000181, 0.000012, 2475         
 0.030072, 0.000000181, 0.000012, 2477         
 0.030072, 0.000000181, 0.000012, 2478         
 0.030079, 0.000000181, 0.000012, 2480         
 0.030075, 0.000000181, 0.000012, 2481         
 0.030076, 0.000000181, 0.000012, 2483         
 0.030076, 0.000000181, 0.000012, 2484         
 0.086766, 0.000001506, 0.000012, 2486         
 0.108106, 0.000002338, 0.000012, 2487         
 0.112881, 0.000002549, 0.000012, 2489         
 0.114068, 0.000002603, 0.000012, 2490         
 0.114076, 0.000002604, 0.000012, 2492         
 0.101189, 0.000002049, 0.000012, 2493         
 0.045314, 0.000000411, 0.000012, 2495         
 0.033325, 0.000000222, 0.000012, 2496         
 0.030764, 0.000000189, 0.000012, 2498         
 0.030213, 0.000000183, 0.000012, 2500         
 0.030090, 0.000000181, 0.000012, 2501         
 0.030062, 0.000000181, 0.000012, 2503         
 0.030052, 0.000000181, 0.000012, 2504         
 0.030051, 0.000000181, 0.000012, 2506         
 0.030052, 0.000000181, 0.000012, 2507         
 0.030051, 0.000000181, 0.000012, 2509         
 0.030075, 0.000000181, 0.000012, 2510         
 0.030080, 0.000000181, 0.000012, 2512         
 0.030073, 0.000000181, 0.000012, 2513         
 0.030057, 0.000000181, 0.000012, 2515         
 0.030053, 0.000000181, 0.000012, 2516         
 0.030041, 0.000000181, 0.000012, 2518         
 0.030034, 0.000000180, 0.000012, 2519         
 0.030017, 0.000000180, 0.000012, 2521         
 0.030026, 0.000000180, 0.000012, 2522         
 0.030027, 0.000000180, 0.000012, 2524         
 0.030019, 0.000000180, 0.000012, 2526         
 0.030010, 0.000000180, 0.000012, 2527         
 0.030007, 0.000000180, 0.000012, 2529         
 0.030002, 0.000000180, 0.000012, 2530         
 0.030003, 0.000000180, 0.000012, 2532         
 0.029998, 0.000000180, 0.000012, 2533         
 0.029997, 0.000000180, 0.000012, 2535         
 0.029996, 0.000000180, 0.000012, 2536         
 0.029997, 0.000000180, 0.000012, 2538         
 0.030009, 0.000000180, 0.000012, 2539         
 0.030021, 0.000000180, 0.000012, 2541         
 0.030018, 0.000000180, 0.000012, 2542         
 0.030018, 0.000000180, 0.000012, 2544         
 0.030005, 0.000000180, 0.000012, 2545         
 0.030005, 0.000000180, 0.000012, 2547         
 0.030013, 0.000000180, 0.000012, 2548         
 0.030018, 0.000000180, 0.000012, 2550         
 0.030011, 0.000000180, 0.000012, 2552         
 0.030121, 0.000000182, 0.000012, 2553         
 0.030518, 0.000000186, 0.000012, 2555         
 0.030435, 0.000000185, 0.000012, 2556         
 0.030280, 0.000000183, 0.000012, 2558         
 0.031444, 0.000000198, 0.000012, 2559         
 0.030609, 0.000000187, 0.000012, 2561         
 0.030322, 0.000000184, 0.000012, 2562         
 0.030317, 0.000000184, 0.000012, 2564         
 0.030303, 0.000000184, 0.000012, 2565         
 0.030256, 0.000000183, 0.000012, 2567         
 0.030214, 0.000000183, 0.000012, 2568         
 0.030359, 0.000000184, 0.000012, 2570         
 0.030400, 0.000000185, 0.000012, 2571         
 0.030283, 0.000000183, 0.000012, 2573         
 0.030218, 0.000000183, 0.000012, 2574         
 0.030190, 0.000000182, 0.000012, 2576         
 0.030185, 0.000000182, 0.000012, 2578         
 0.030181, 0.000000182, 0.000012, 2579         
 0.030166, 0.000000182, 0.000012, 2581         
 0.030162, 0.000000182, 0.000012, 2582         
 0.030159, 0.000000182, 0.000012, 2584         
 0.030166, 0.000000182, 0.000012, 2585         
 0.030167, 0.000000182, 0.000012, 2587         
 0.030163, 0.000000182, 0.000012, 2588         
 0.030170, 0.000000182, 0.000012, 2590         
 0.030175, 0.000000182, 0.000012, 2591         
 0.030166, 0.000000182, 0.000012, 2593         
 0.030062, 0.000000181, 0.000012, 2594         
 0.029996, 0.000000180, 0.000012, 2596         
 0.029965, 0.000000180, 0.000012, 2597         
 0.029938, 0.000000179, 0.000012, 2599         
 0.029959, 0.000000180, 0.000012, 2600         
 0.030155, 0.000000182, 0.000012, 2602         
 0.030151, 0.000000182, 0.000012, 2604         
 0.030169, 0.000000182, 0.000012, 2605         
 0.030326, 0.000000184, 0.000012, 2607         
 0.030247, 0.000000183, 0.000012, 2608         
 0.030068, 0.000000181, 0.000012, 2610         
 0.030785, 0.000000190, 0.000012, 2611         
 0.030459, 0.000000186, 0.000012, 2613         
 0.030126, 0.000000182, 0.000012, 2614         
 0.030680, 0.000000188, 0.000012, 2616         
 0.030119, 0.000000182, 0.000012, 2617         
 0.029968, 0.000000180, 0.000012, 2619         
 0.029911, 0.000000179, 0.000012, 2620         
 0.029895, 0.000000179, 0.000012, 2622         
 0.029895, 0.000000179, 0.000012, 2623         
 0.029897, 0.000000179, 0.000012, 2625         
 0.029897, 0.000000179, 0.000012, 2626         
 0.029893, 0.000000179, 0.000012, 2628         
 0.029892, 0.000000179, 0.000012, 2630         
 0.029895, 0.000000179, 0.000012, 2631         
 0.029892, 0.000000179, 0.000012, 2633         
 0.029890, 0.000000179, 0.000012, 2634         
 0.018234, 0.000000067, 0.000012, 2636         
 0.027383, 0.000000150, 0.000012, 2637         
 0.029352, 0.000000172, 0.000012, 2639         
 0.029774, 0.000000177, 0.000012, 2640         
 0.029870, 0.000000179, 0.000012, 2642         
 0.029885, 0.000000179, 0.000012, 2643         
 0.029898, 0.000000179, 0.000012, 2645         
 0.029894, 0.000000179, 0.000012, 2646         
 0.029897, 0.000000179, 0.000012, 2648         
 0.029889, 0.000000179, 0.000012, 2649         
 0.029895, 0.000000179, 0.000012, 2651         
 0.029905, 0.000000179, 0.000012, 2652         
 0.029904, 0.000000179, 0.000012, 2654         
 0.029897, 0.000000179, 0.000012, 2656         
 0.029912, 0.000000179, 0.000012, 2657         
 0.030038, 0.000000181, 0.000012, 2659         
 0.030208, 0.000000183, 0.000012, 2660         
 0.030139, 0.000000182, 0.000012, 2662         
 0.030041, 0.000000181, 0.000012, 2663         
 0.030018, 0.000000180, 0.000012, 2665         
 0.030025, 0.000000180, 0.000012, 2666         
 0.030034, 0.000000180, 0.000012, 2668         
 0.030062, 0.000000181, 0.000012, 2669         
 0.030036, 0.000000181, 0.000012, 2671         
 0.030061, 0.000000181, 0.000012, 2672         
 0.030033, 0.000000180, 0.000012, 2674         
 0.029983, 0.000000180, 0.000012, 2675         
 0.029962, 0.000000180, 0.000012, 2677         
 0.029947, 0.000000179, 0.000012, 2678         
 0.029920, 0.000000179, 0.000012, 2680         
 0.029894, 0.000000179, 0.000012, 2682         
 0.029894, 0.000000179, 0.000012, 2683         
 0.029891, 0.000000179, 0.000012, 2685         
 0.029888, 0.000000179, 0.000012, 2686         
 0.029883, 0.000000179, 0.000012, 2688         
 0.029883, 0.000000179, 0.000012, 2689         
 0.029880, 0.000000179, 0.000012, 2691         
 0.029877, 0.000000179, 0.000012, 2692         
 0.029876, 0.000000179, 0.000012, 2694         
 0.029887, 0.000000179, 0.000012, 2695         
 0.029877, 0.000000179, 0.000012, 2697         
 0.029872, 0.000000179, 0.000012, 2698         
 0.029874, 0.000000179, 0.000012, 2700         
 0.029899, 0.000000179, 0.000012, 2701         
 0.029972, 0.000000180, 0.000012, 2703         
 0.029933, 0.000000179, 0.000012, 2704         
 0.023538, 0.000000111, 0.000012, 2706         
 0.028739, 0.000000165, 0.000012, 2708         
 0.029868, 0.000000178, 0.000012, 2709         
 0.030104, 0.000000181, 0.000012, 2711         
 0.030163, 0.000000182, 0.000012, 2712         
 0.030171, 0.000000182, 0.000012, 2714         
 0.030172, 0.000000182, 0.000012, 2715         
 0.030173, 0.000000182, 0.000012, 2717         
 0.030175, 0.000000182, 0.000012, 2718         
 0.030086, 0.000000181, 0.000012, 2720         
 0.029993, 0.000000180, 0.000012, 2721         
 0.029947, 0.000000179, 0.000012, 2723         
 0.029931, 0.000000179, 0.000012, 2724         
 0.029952, 0.000000179, 0.000012, 2726         
 0.029929, 0.000000179, 0.000012, 2727         
 0.029929, 0.000000179, 0.000012, 2729         
 0.029984, 0.000000180, 0.000012, 2730         
 0.030212, 0.000000183, 0.000012, 2732         
 0.030466, 0.000000186, 0.000012, 2734         
 0.030362, 0.000000184, 0.000012, 2735         
 0.030283, 0.000000183, 0.000012, 2737         
 0.030385, 0.000000185, 0.000012, 2738         
 0.030283, 0.000000183, 0.000012, 2740         
 0.030098, 0.000000181, 0.000012, 2741         
 0.030033, 0.000000180, 0.000012, 2743         
 0.030180, 0.000000182, 0.000012, 2744         
 0.029922, 0.000000179, 0.000012, 2746         
 0.029913, 0.000000179, 0.000012, 2747         
 0.029904, 0.000000179, 0.000012, 2749         
 0.029720, 0.000000177, 0.000012, 2750         
 0.029689, 0.000000176, 0.000012, 2752         
 0.029736, 0.000000177, 0.000012, 2753         
 0.029783, 0.000000177, 0.000012, 2755         
 0.029802, 0.000000178, 0.000012, 2756         
 0.029799, 0.000000178, 0.000012, 2758         
 0.029796, 0.000000178, 0.000012, 2760         
 0.029797, 0.000000178, 0.000012, 2761         
 0.029807, 0.000000178, 0.000012, 2763         
 0.029812, 0.000000178, 0.000012, 2764         
 0.029815, 0.000000178, 0.000012, 2766         
 0.029811, 0.000000178, 0.000012, 2767         
 0.029803, 0.000000178, 0.000012, 2769         
 0.029801, 0.000000178, 0.000012, 2770         
 0.029801, 0.000000178, 0.000012, 2772         
 0.029795, 0.000000178, 0.000012, 2773         
 0.029807, 0.000000178, 0.000012, 2775         
 0.029802, 0.000000178, 0.000012, 2776         
 0.029799, 0.000000178, 0.000012, 2778         
 0.029793, 0.000000178, 0.000012, 2779         
 0.029788, 0.000000178, 0.000012, 2781         
 0.029790, 0.000000178, 0.000012, 2782         
 0.029796, 0.000000178, 0.000012, 2784         
 0.029787, 0.000000178, 0.000012, 2786         
 0.029779, 0.000000177, 0.000012, 2787         
 0.029782, 0.000000177, 0.000012, 2789         
 0.029791, 0.000000178, 0.000012, 2790         
 0.029802, 0.000000178, 0.000012, 2792         
 0.029793, 0.000000178, 0.000012, 2793         
 0.029799, 0.000000178, 0.000012, 2795         
 0.029798, 0.000000178, 0.000012, 2796